0  0
0.00209723  0
0.00419446  0
0.0062917  0
0.00838893  0
0.0104862  0
0.0125834  0
0.0146806  0
0.0167779  0
0.0188751  0
0.0209723  0
0.0230696  0
0.0251668  0
0.027264  0
0.0293613  0
0.0314585  0
0.0335557  0
0.035653  0
0.0377502  0
0.0398474  0
0.0419446  0
0.0440419  0
0.0461391  0
0.0482363  0
0.0503336  0
0.0524308  0
0.054528  0
0.0566253  0
0.0587225  0
0.0608197  0
0.062917  0
0.0650142  0
0.0671114  0
0.0692087  0
0.0713059  0
0.0734031  0
0.0755004  0
0.0775976  0
0.0796948  0
0.0817921  0
0.0838893  0
0.0859865  0
0.0880838  0
0.090181  0
0.0922782  0
0.0943755  0
0.0964727  0
0.0985699  0
0.100667  0
0.102764  0
0.104862  0
0.106959  0
0.109056  0
0.111153  0
0.113251  0
0.115348  0
0.117445  0
0.119542  0
0.121639  0
0.123737  0
0.125834  0
0.127931  0
0.130028  0
0.132126  0
0.134223  0
0.13632  0
0.138417  0
0.140515  0
0.142612  0
0.144709  0
0.146806  0
0.148903  0
0.151001  0
0.153098  0
0.155195  0
0.157292  0
0.15939  0
0.161487  0
0.163584  0
0.165681  0
0.167779  0
0.169876  0
0.171973  0
0.17407  0
0.176168  0
0.178265  0
0.180362  0
0.182459  0
0.184556  0
0.186654  0
0.188751  0
0.190848  0
0.192945  0
0.195043  0
0.19714  0
0.199237  0
0.201334  0
0.203432  0
0.205529  0
0.207626  0
0.209723  0
0.21182  0
0.213918  0
0.216015  0
0.218112  0
0.220209  0
0.222307  0
0.224404  0
0.226501  0
0.228598  0
0.230696  0
0.232793  0
0.23489  0
0.236987  0
0.239084  0
0.241182  0
0.243279  0
0.245376  0
0.247473  0
0.249571  0
0.251668  0
0.253765  0
0.255862  0
0.25796  0
0.260057  0
0.262154  0
0.264251  0
0.266349  0
0.268446  0
0.270543  0
0.27264  0
0.274737  0
0.276835  0
0.278932  0
0.281029  0
0.283126  0
0.285224  0
0.287321  0
0.289418  0
0.291515  0
0.293613  0
0.29571  0
0.297807  0
0.299904  0
0.302001  0
0.304099  0
0.306196  0
0.308293  0
0.31039  0
0.312488  0
0.314585  0
0.316682  0
0.318779  0
0.320877  0
0.322974  0
0.325071  0
0.327168  0
0.329265  0
0.331363  0
0.33346  0
0.335557  0
0.337654  0
0.339752  0
0.341849  0
0.343946  0
0.346043  0
0.348141  0
0.350238  0
0.352335  0
0.354432  0
0.35653  0
0.358627  0
0.360724  0
0.362821  0
0.364918  0
0.367016  0
0.369113  0
0.37121  0
0.373307  0
0.375405  0
0.377502  0
0.379599  0
0.381696  0
0.383794  0
0.385891  0
0.387988  0
0.390085  0
0.392182  0
0.39428  0
0.396377  0
0.398474  0
0.400571  0
0.402669  0
0.404766  0
0.406863  0
0.40896  0
0.411058  0
0.413155  0
0.415252  0
0.417349  0
0.419446  0
0.421544  0
0.423641  0
0.425738  0
0.427835  0
0.429933  0
0.43203  0
0.434127  0
0.436224  0
0.438322  0
0.440419  0
0.442516  0
0.444613  0
0.44671  0
0.448808  0
0.450905  0
0.453002  0
0.455099  0
0.457197  0
0.459294  0
0.461391  0
0.463488  0
0.465586  0
0.467683  0
0.46978  0
0.471877  0
0.473975  0
0.476072  0
0.478169  0
0.480266  0
0.482363  0
0.484461  0
0.486558  0
0.488655  0
0.490752  0
0.49285  0
0.494947  0
0.497044  0
0.499141  0
0.501239  0
0.503336  0
0.505433  0
0.50753  0
0.509627  0
0.511725  0
0.513822  0
0.515919  0
0.518016  0
0.520114  0
0.522211  0
0.524308  0
0.526405  0
0.528503  0
0.5306  0
0.532697  0
0.534794  0
0.536891  0
0.538989  0
0.541086  0
0.543183  0
0.54528  0
0.547378  0
0.549475  0
0.551572  0
0.553669  0
0.555767  0
0.557864  0
0.559961  0
0.562058  0
0.564156  0
0.566253  0
0.56835  0
0.570447  0
0.572544  0
0.574642  0
0.576739  0
0.578836  0
0.580933  0
0.583031  0
0.585128  0
0.587225  0
0.589322  0
0.59142  0
0.593517  0
0.595614  0
0.597711  0
0.599808  0
0.601906  0
0.604003  0
0.6061  0
0.608197  0
0.610295  0
0.612392  0
0.614489  0
0.616586  0
0.618684  0
0.620781  0
0.622878  0
0.624975  0
0.627072  0
0.62917  0
0.631267  0
0.633364  0
0.635461  0
0.637559  0
0.639656  0
0.641753  0
0.64385  0
0.645948  0
0.648045  0
0.650142  0
0.652239  0
0.654336  0
0.656434  0
0.658531  0
0.660628  0
0.662725  0
0.664823  0
0.66692  0
0.669017  0
0.671114  0
0.673212  0
0.675309  0
0.677406  0
0.679503  0
0.681601  0
0.683698  0
0.685795  0
0.687892  0
0.689989  0
0.692087  0
0.694184  0
0.696281  0
0.698378  0
0.700476  0
0.702573  0
0.70467  0
0.706767  0
0.708865  0
0.710962  0
0.713059  0
0.715156  0
0.717253  0
0.719351  0
0.721448  0
0.723545  0
0.725642  0
0.72774  0
0.729837  0
0.731934  0
0.734031  0
0.736129  0
0.738226  0
0.740323  0
0.74242  0
0.744517  0
0.746615  0
0.748712  0
0.750809  0
0.752906  0
0.755004  0
0.757101  0
0.759198  0
0.761295  0
0.763393  0
0.76549  0
0.767587  0
0.769684  0
0.771782  0
0.773879  0
0.775976  0
0.778073  0
0.78017  0
0.782268  0
0.784365  0
0.786462  0
0.788559  0
0.790657  0
0.792754  0
0.794851  0
0.796948  0
0.799046  0
0.801143  0
0.80324  0
0.805337  0
0.807434  0
0.809532  0
0.811629  0
0.813726  0
0.815823  0
0.817921  0
0.820018  0
0.822115  0
0.824212  0
0.82631  0
0.828407  0
0.830504  0
0.832601  0
0.834698  0
0.836796  0
0.838893  0
0.84099  0
0.843087  0
0.845185  0
0.847282  0
0.849379  0
0.851476  0
0.853574  0
0.855671  0
0.857768  0
0.859865  0
0.861962  0
0.86406  0
0.866157  0
0.868254  0
0.870351  0
0.872449  0
0.874546  0
0.876643  0
0.87874  0
0.880838  0
0.882935  0
0.885032  0
0.887129  0
0.889227  0
0.891324  0
0.893421  0
0.895518  0
0.897615  0
0.899713  0
0.90181  0
0.903907  0
0.906004  0
0.908102  0
0.910199  0
0.912296  0
0.914393  0
0.916491  0
0.918588  0
0.920685  0
0.922782  0
0.924879  0
0.926977  0
0.929074  0
0.931171  0
0.933268  0
0.935366  0
0.937463  0
0.93956  0
0.941657  0
0.943755  0
0.945852  0
0.947949  0
0.950046  0
0.952143  0
0.954241  0
0.956338  0
0.958435  0
0.960532  0
0.96263  0
0.964727  0
0.966824  0
0.968921  0
0.971019  0
0.973116  0
0.975213  0
0.97731  0
0.979408  0
0.981505  0
0.983602  0
0.985699  0
0.987796  0
0.989894  0
0.991991  0
0.994088  0
0.996185  0
0.998283  0
1.00038  0
1.00248  0
1.00457  0
1.00667  0
1.00877  0
1.01087  0
1.01296  0
1.01506  0
1.01716  0
1.01925  0
1.02135  0
1.02345  0
1.02555  0
1.02764  0
1.02974  0
1.03184  0
1.03394  0
1.03603  0
1.03813  0
1.04023  0
1.04232  0
1.04442  0
1.04652  0
1.04862  0
1.05071  0
1.05281  0
1.05491  0
1.05701  0
1.0591  0
1.0612  0
1.0633  0
1.06539  0
1.06749  0
1.06959  0
1.07169  0
1.07378  0
1.07588  0
1.07798  0
1.08007  0
1.08217  0
1.08427  0
1.08637  0
1.08846  0
1.09056  0
1.09266  0
1.09476  0
1.09685  0
1.09895  0
1.10105  0
1.10314  0
1.10524  0
1.10734  0
1.10944  0
1.11153  0
1.11363  0
1.11573  0
1.11782  0
1.11992  0
1.12202  0
1.12412  0
1.12621  0
1.12831  0
1.13041  0
1.13251  0
1.1346  0
1.1367  0
1.1388  0
1.14089  0
1.14299  0
1.14509  0
1.14719  0
1.14928  0
1.15138  0
1.15348  0
1.15558  0
1.15767  0
1.15977  0
1.16187  0
1.16396  0
1.16606  0
1.16816  0
1.17026  0
1.17235  0
1.17445  0
1.17655  0
1.17864  0
1.18074  0
1.18284  0
1.18494  0
1.18703  0
1.18913  0
1.19123  0
1.19333  0
1.19542  0
1.19752  0
1.19962  0
1.20171  0
1.20381  0
1.20591  0
1.20801  0
1.2101  0
1.2122  0
1.2143  0
1.21639  0
1.21849  0
1.22059  0
1.22269  0
1.22478  0
1.22688  0
1.22898  0
1.23108  0
1.23317  0
1.23527  0
1.23737  0
1.23946  0
1.24156  0
1.24366  0
1.24576  0
1.24785  0
1.24995  0
1.25205  0
1.25414  0
1.25624  0
1.25834  0
1.26044  0
1.26253  0
1.26463  0
1.26673  0
1.26883  0
1.27092  0
1.27302  0
1.27512  0
1.27721  0
1.27931  0
1.28141  0
1.28351  0
1.2856  0
1.2877  0
1.2898  0
1.2919  0
1.29399  0
1.29609  0
1.29819  0
1.30028  0
1.30238  0
1.30448  0
1.30658  0
1.30867  0
1.31077  0
1.31287  0
1.31496  0
1.31706  0
1.31916  0
1.32126  0
1.32335  0
1.32545  0
1.32755  0
1.32965  0
1.33174  0
1.33384  0
1.33594  0
1.33803  0
1.34013  0
1.34223  0
1.34433  0
1.34642  0
1.34852  0
1.35062  0
1.35271  0
1.35481  0
1.35691  0
1.35901  0
1.3611  0
1.3632  0
1.3653  0
1.3674  0
1.36949  0
1.37159  0
1.37369  0
1.37578  0
1.37788  0
1.37998  0
1.38208  0
1.38417  0
1.38627  0
1.38837  0
1.39047  0
1.39256  0
1.39466  0
1.39676  0
1.39885  0
1.40095  0
1.40305  0
1.40515  0
1.40724  0
1.40934  0
1.41144  0
1.41353  0
1.41563  0
1.41773  0
1.41983  0
1.42192  0
1.42402  0
1.42612  0
1.42822  0
1.43031  0
1.43241  0
1.43451  0
1.4366  0
1.4387  0
1.4408  0
1.4429  0
1.44499  0
1.44709  0
1.44919  0
1.45128  0
1.45338  0
1.45548  0
1.45758  0
1.45967  0
1.46177  0
1.46387  0
1.46597  0
1.46806  0
1.47016  0
1.47226  0
1.47435  0
1.47645  0
1.47855  0
1.48065  0
1.48274  0
1.48484  0
1.48694  0
1.48903  0
1.49113  0
1.49323  0
1.49533  0
1.49742  0
1.49952  0
1.50162  0
1.50372  0
1.50581  0
1.50791  0
1.51001  0
1.5121  0
1.5142  0
1.5163  0
1.5184  0
1.52049  0
1.52259  0
1.52469  0
1.52679  0
1.52888  0
1.53098  0
1.53308  0
1.53517  0
1.53727  0
1.53937  0
1.54147  0
1.54356  0
1.54566  0
1.54776  0
1.54985  0
1.55195  0
1.55405  0
1.55615  0
1.55824  0
1.56034  0
1.56244  0
1.56454  0
1.56663  0
1.56873  0
1.57083  0
1.57292  0
1.57502  0
1.57712  0
1.57922  0
1.58131  0
1.58341  0
1.58551  0
1.5876  0
1.5897  0
1.5918  0
1.5939  0
1.59599  0
1.59809  0
1.60019  0
1.60229  0
1.60438  0
1.60648  0
1.60858  0
1.61067  0
1.61277  0
1.61487  0
1.61697  0
1.61906  0
1.62116  0
1.62326  0
1.62536  0
1.62745  0
1.62955  0
1.63165  0
1.63374  0
1.63584  0
1.63794  0
1.64004  0
1.64213  0
1.64423  0
1.64633  0
1.64842  0
1.65052  0
1.65262  0
1.65472  0
1.65681  0
1.65891  0
1.66101  0
1.66311  0
1.6652  0
1.6673  0
1.6694  0
1.67149  0
1.67359  0
1.67569  0
1.67779  0
1.67988  0
1.68198  0
1.68408  0
1.68617  0
1.68827  0
1.69037  0
1.69247  0
1.69456  0
1.69666  0
1.69876  0
1.70086  0
1.70295  0
1.70505  0
1.70715  0
1.70924  0
1.71134  0
1.71344  0
1.71554  0
1.71763  0
1.71973  0
1.72183  0
1.72392  0
1.72602  0
1.72812  0
1.73022  0
1.73231  0
1.73441  0
1.73651  0
1.73861  0
1.7407  0
1.7428  0
1.7449  0
1.74699  0
1.74909  0
1.75119  0
1.75329  0
1.75538  0
1.75748  0
1.75958  0
1.76168  0
1.76377  0
1.76587  0
1.76797  0
1.77006  0
1.77216  0
1.77426  0
1.77636  0
1.77845  0
1.78055  0
1.78265  0
1.78474  0
1.78684  0
1.78894  0
1.79104  0
1.79313  0
1.79523  0
1.79733  0
1.79943  0
1.80152  0
1.80362  0
1.80572  0
1.80781  0
1.80991  0
1.81201  0
1.81411  0
1.8162  0
1.8183  0
1.8204  0
1.82249  0
1.82459  0
1.82669  0
1.82879  0
1.83088  0
1.83298  0
1.83508  0
1.83718  0
1.83927  0
1.84137  0
1.84347  0
1.84556  0
1.84766  0
1.84976  0
1.85186  0
1.85395  0
1.85605  0
1.85815  0
1.86025  0
1.86234  0
1.86444  0
1.86654  0
1.86863  0
1.87073  0
1.87283  0
1.87493  0
1.87702  0
1.87912  0
1.88122  0
1.88331  0
1.88541  0
1.88751  0
1.88961  0
1.8917  0
1.8938  0
1.8959  0
1.898  0
1.90009  0
1.90219  0
1.90429  0
1.90638  0
1.90848  0
1.91058  0
1.91268  0
1.91477  0
1.91687  0
1.91897  0
1.92106  0
1.92316  0
1.92526  0
1.92736  0
1.92945  0
1.93155  0
1.93365  0
1.93575  0
1.93784  0
1.93994  0
1.94204  0
1.94413  0
1.94623  0
1.94833  0
1.95043  0
1.95252  0
1.95462  0
1.95672  0
1.95882  0
1.96091  0
1.96301  0
1.96511  0
1.9672  0
1.9693  0
1.9714  0
1.9735  0
1.97559  0
1.97769  0
1.97979  0
1.98188  0
1.98398  0
1.98608  0
1.98818  0
1.99027  0
1.99237  0
1.99447  0
1.99657  0
1.99866  0
2.00076  0
2.00286  0
2.00495  0
2.00705  0
2.00915  0
2.01125  0
2.01334  0
2.01544  0
2.01754  0
2.01963  0
2.02173  0
2.02383  0
2.02593  0
2.02802  0
2.03012  0
2.03222  0
2.03432  0
2.03641  0
2.03851  0
2.04061  0
2.0427  0
2.0448  0
2.0469  0
2.049  0
2.05109  0
2.05319  0
2.05529  0
2.05738  0
2.05948  0
2.06158  0
2.06368  0
2.06577  0
2.06787  0
2.06997  0
2.07207  0
2.07416  0
2.07626  0
2.07836  0
2.08045  0
2.08255  0
2.08465  0
2.08675  0
2.08884  0
2.09094  0
2.09304  0
2.09514  0
2.09723  0
2.09933  0
2.10143  0
2.10352  0
2.10562  0
2.10772  0
2.10982  0
2.11191  0
2.11401  0
2.11611  0
2.1182  0
2.1203  0
2.1224  0
2.1245  0
2.12659  0
2.12869  0
2.13079  0
2.13289  0
2.13498  0
2.13708  0
2.13918  0
2.14127  0
2.14337  0
2.14547  0
2.14757  0
2.14966  0
2.15176  0
2.15386  0
2.15595  0
2.15805  0
2.16015  0
2.16225  0
2.16434  0
2.16644  0
2.16854  0
2.17064  0
2.17273  0
2.17483  0
2.17693  0
2.17902  0
2.18112  0
2.18322  0
2.18532  0
2.18741  0
2.18951  0
2.19161  0
2.19371  0
2.1958  0
2.1979  0
2.2  0
2.20209  0
2.20419  0
2.20629  0
2.20839  0
2.21048  0
2.21258  0
2.21468  0
2.21677  0
2.21887  0
2.22097  0
2.22307  0
2.22516  0
2.22726  0
2.22936  0
2.23146  0
2.23355  0
2.23565  0
2.23775  0
2.23984  0
2.24194  0
2.24404  0
2.24614  0
2.24823  0
2.25033  0
2.25243  0
2.25452  0
2.25662  0
2.25872  0
2.26082  0
2.26291  0
2.26501  0
2.26711  0
2.26921  0
2.2713  0
2.2734  0
2.2755  0
2.27759  0
2.27969  0
2.28179  0
2.28389  0
2.28598  0
2.28808  0
2.29018  0
2.29227  0
2.29437  0
2.29647  0
2.29857  0
2.30066  0
2.30276  0
2.30486  0
2.30696  0
2.30905  0
2.31115  0
2.31325  0
2.31534  0
2.31744  0
2.31954  0
2.32164  0
2.32373  0
2.32583  0
2.32793  0
2.33003  0
2.33212  0
2.33422  0
2.33632  0
2.33841  0
2.34051  0
2.34261  0
2.34471  0
2.3468  0
2.3489  0
2.351  0
2.35309  0
2.35519  0
2.35729  0
2.35939  0
2.36148  0
2.36358  0
2.36568  0
2.36778  0
2.36987  0
2.37197  0
2.37407  0
2.37616  0
2.37826  0
2.38036  0
2.38246  0
2.38455  0
2.38665  0
2.38875  0
2.39084  0
2.39294  0
2.39504  0
2.39714  0
2.39923  0
2.40133  0
2.40343  0
2.40553  0
2.40762  0
2.40972  0
2.41182  0
2.41391  0
2.41601  0
2.41811  0
2.42021  0
2.4223  0
2.4244  0
2.4265  0
2.4286  0
2.43069  0
2.43279  0
2.43489  0
2.43698  0
2.43908  0
2.44118  0
2.44328  0
2.44537  0
2.44747  0
2.44957  0
2.45166  0
2.45376  0
2.45586  0
2.45796  0
2.46005  0
2.46215  0
2.46425  0
2.46635  0
2.46844  0
2.47054  0
2.47264  0
2.47473  0
2.47683  0
2.47893  0
2.48103  0
2.48312  0
2.48522  0
2.48732  0
2.48941  0
2.49151  0
2.49361  0
2.49571  0
2.4978  0
2.4999  0
2.502  0
2.5041  0
2.50619  0
2.50829  0
2.51039  0
2.51248  0
2.51458  0
2.51668  0
2.51878  0
2.52087  0
2.52297  0
2.52507  0
2.52716  0
2.52926  0
2.53136  0
2.53346  0
2.53555  0
2.53765  0
2.53975  0
2.54185  0
2.54394  0
2.54604  0
2.54814  0
2.55023  0
2.55233  0
2.55443  0
2.55653  0
2.55862  0
2.56072  0
2.56282  0
2.56492  0
2.56701  0
2.56911  0
2.57121  0
2.5733  0
2.5754  0
2.5775  0
2.5796  0
2.58169  0
2.58379  0
2.58589  0
2.58798  0
2.59008  0
2.59218  0
2.59428  0
2.59637  0
2.59847  0
2.60057  0
2.60267  0
2.60476  0
2.60686  0
2.60896  0
2.61105  0
2.61315  0
2.61525  0
2.61735  0
2.61944  0
2.62154  0
2.62364  0
2.62573  0
2.62783  0
2.62993  0
2.63203  0
2.63412  0
2.63622  0
2.63832  0
2.64042  0
2.64251  0
2.64461  0
2.64671  0
2.6488  0
2.6509  0
2.653  0
2.6551  0
2.65719  0
2.65929  0
2.66139  0
2.66349  0
2.66558  0
2.66768  0
2.66978  0
2.67187  0
2.67397  0
2.67607  0
2.67817  0
2.68026  0
2.68236  0
2.68446  0
2.68655  0
2.68865  0
2.69075  0
2.69285  0
2.69494  0
2.69704  0
2.69914  0
2.70124  0
2.70333  0
2.70543  0
2.70753  0
2.70962  0
2.71172  0
2.71382  0
2.71592  0
2.71801  0
2.72011  0
2.72221  0
2.7243  0
2.7264  0
2.7285  0
2.7306  0
2.73269  0
2.73479  0
2.73689  0
2.73899  0
2.74108  0
2.74318  0
2.74528  0
2.74737  0
2.74947  0
2.75157  0
2.75367  0
2.75576  0
2.75786  0
2.75996  0
2.76206  0
2.76415  0
2.76625  0
2.76835  0
2.77044  0
2.77254  0
2.77464  0
2.77674  0
2.77883  0
2.78093  0
2.78303  0
2.78512  0
2.78722  0
2.78932  0
2.79142  0
2.79351  0
2.79561  0
2.79771  0
2.79981  0
2.8019  0
2.804  0
2.8061  0
2.80819  0
2.81029  0
2.81239  0
2.81449  0
2.81658  0
2.81868  0
2.82078  0
2.82287  0
2.82497  0
2.82707  0
2.82917  0
2.83126  0
2.83336  0
2.83546  0
2.83756  0
2.83965  0
2.84175  0
2.84385  0
2.84594  0
2.84804  0
2.85014  0
2.85224  0
2.85433  0
2.85643  0
2.85853  0
2.86062  0
2.86272  0
2.86482  0
2.86692  0
2.86901  0
2.87111  0
2.87321  0
2.87531  0
2.8774  0
2.8795  0
2.8816  0
2.88369  0
2.88579  0
2.88789  0
2.88999  0
2.89208  0
2.89418  0
2.89628  0
2.89838  0
2.90047  0
2.90257  0
2.90467  0
2.90676  0
2.90886  0
2.91096  0
2.91306  0
2.91515  0
2.91725  0
2.91935  0
2.92144  0
2.92354  0
2.92564  0
2.92774  0
2.92983  0
2.93193  0
2.93403  0
2.93613  0
2.93822  0
2.94032  0
2.94242  0
2.94451  0
2.94661  0
2.94871  0
2.95081  0
2.9529  0
2.955  0
2.9571  0
2.95919  0
2.96129  0
2.96339  0
2.96549  0
2.96758  0
2.96968  0
2.97178  0
2.97388  0
2.97597  0
2.97807  0
2.98017  0
2.98226  0
2.98436  0
2.98646  0
2.98856  0
2.99065  0
2.99275  0
2.99485  0
2.99695  0
2.99904  0
3.00114  0
3.00324  0
3.00533  0
3.00743  0
3.00953  0
3.01163  0
3.01372  0
3.01582  0
3.01792  0
3.02001  0
3.02211  0
3.02421  0
3.02631  0
3.0284  0
3.0305  0
3.0326  0
3.0347  0
3.03679  0
3.03889  0
3.04099  0
3.04308  0
3.04518  0
3.04728  0
3.04938  0
3.05147  0
3.05357  0
3.05567  0
3.05776  0
3.05986  0
3.06196  0
3.06406  0
3.06615  0
3.06825  0
3.07035  0
3.07245  0
3.07454  0
3.07664  0
3.07874  0
3.08083  0
3.08293  0
3.08503  0
3.08713  0
3.08922  0
3.09132  0
3.09342  0
3.09551  0
3.09761  0
3.09971  0
3.10181  0
3.1039  0
3.106  0
3.1081  0
3.1102  0
3.11229  0
3.11439  0
3.11649  0
3.11858  0
3.12068  0
3.12278  0
3.12488  0
3.12697  0
3.12907  0
3.13117  0
3.13327  0
3.13536  0
3.13746  0
3.13956  0
3.14165  0
3.14375  0
3.14585  0
3.14795  0
3.15004  0
3.15214  0
3.15424  0
3.15633  0
3.15843  0
3.16053  0
3.16263  0
3.16472  0
3.16682  0
3.16892  0
3.17102  0
3.17311  0
3.17521  0
3.17731  0
3.1794  0
3.1815  0
3.1836  0
3.1857  0
3.18779  0
3.18989  0
3.19199  0
3.19408  0
3.19618  0
3.19828  0
3.20038  0
3.20247  0
3.20457  0
3.20667  0
3.20877  0
3.21086  0
3.21296  0
3.21506  0
3.21715  0
3.21925  0
3.22135  0
3.22345  0
3.22554  0
3.22764  0
3.22974  0
3.23184  0
3.23393  0
3.23603  0
3.23813  0
3.24022  0
3.24232  0
3.24442  0
3.24652  0
3.24861  0
3.25071  0
3.25281  0
3.2549  0
3.257  0
3.2591  0
3.2612  0
3.26329  0
3.26539  0
3.26749  0
3.26959  0
3.27168  0
3.27378  0
3.27588  0
3.27797  0
3.28007  0
3.28217  0
3.28427  0
3.28636  0
3.28846  0
3.29056  0
3.29265  0
3.29475  0
3.29685  0
3.29895  0
3.30104  0
3.30314  0
3.30524  0
3.30734  0
3.30943  0
3.31153  0
3.31363  0
3.31572  0
3.31782  0
3.31992  0
3.32202  0
3.32411  0
3.32621  0
3.32831  0
3.3304  0
3.3325  0
3.3346  0
3.3367  0
3.33879  0
3.34089  0
3.34299  0
3.34509  0
3.34718  0
3.34928  0
3.35138  0
3.35347  0
3.35557  0
3.35767  0
3.35977  0
3.36186  0
3.36396  0
3.36606  0
3.36816  0
3.37025  0
3.37235  0
3.37445  0
3.37654  0
3.37864  0
3.38074  0
3.38284  0
3.38493  0
3.38703  0
3.38913  0
3.39122  0
3.39332  0
3.39542  0
3.39752  0
3.39961  0
3.40171  0
3.40381  0
3.40591  0
3.408  0
3.4101  0
3.4122  0
3.41429  0
3.41639  0
3.41849  0
3.42059  0
3.42268  0
3.42478  0
3.42688  0
3.42897  0
3.43107  0
3.43317  0
3.43527  0
3.43736  0
3.43946  0
3.44156  0
3.44366  0
3.44575  0
3.44785  0
3.44995  0
3.45204  0
3.45414  0
3.45624  0
3.45834  0
3.46043  0
3.46253  0
3.46463  0
3.46673  0
3.46882  0
3.47092  0
3.47302  0
3.47511  0
3.47721  0
3.47931  0
3.48141  0
3.4835  0
3.4856  0
3.4877  0
3.48979  0
3.49189  0
3.49399  0
3.49609  0
3.49818  0
3.50028  0
3.50238  0
3.50448  0
3.50657  0
3.50867  0
3.51077  0
3.51286  0
3.51496  0
3.51706  0
3.51916  0
3.52125  0
3.52335  0
3.52545  0
3.52754  0
3.52964  0
3.53174  0
3.53384  0
3.53593  0
3.53803  0
3.54013  0
3.54223  0
3.54432  0
3.54642  0
3.54852  0
3.55061  0
3.55271  0
3.55481  0
3.55691  0
3.559  0
3.5611  0
3.5632  0
3.5653  0
3.56739  0
3.56949  0
3.57159  0
3.57368  0
3.57578  0
3.57788  0
3.57998  0
3.58207  0
3.58417  0
3.58627  0
3.58836  0
3.59046  0
3.59256  0
3.59466  0
3.59675  0
3.59885  0
3.60095  0
3.60305  0
3.60514  0
3.60724  0
3.60934  0
3.61143  0
3.61353  0
3.61563  0
3.61773  0
3.61982  0
3.62192  0
3.62402  0
3.62611  0
3.62821  0
3.63031  0
3.63241  0
3.6345  0
3.6366  0
3.6387  0
3.6408  0
3.64289  0
3.64499  0
3.64709  0
3.64918  0
3.65128  0
3.65338  0
3.65548  0
3.65757  0
3.65967  0
3.66177  0
3.66386  0
3.66596  0
3.66806  0
3.67016  0
3.67225  0
3.67435  0
3.67645  0
3.67855  0
3.68064  0
3.68274  0
3.68484  0
3.68693  0
3.68903  0
3.69113  0
3.69323  0
3.69532  0
3.69742  0
3.69952  0
3.70162  0
3.70371  0
3.70581  0
3.70791  0
3.71  0
3.7121  0
3.7142  0
3.7163  0
3.71839  0
3.72049  0
3.72259  0
3.72468  0
3.72678  0
3.72888  0
3.73098  0
3.73307  0
3.73517  0
3.73727  0
3.73937  0
3.74146  0
3.74356  0
3.74566  0
3.74775  0
3.74985  0
3.75195  0
3.75405  0
3.75614  0
3.75824  0
3.76034  0
3.76243  0
3.76453  0
3.76663  0
3.76873  0
3.77082  0
3.77292  0
3.77502  0
3.77712  0
3.77921  0
3.78131  0
3.78341  0
3.7855  0
3.7876  0
3.7897  0
3.7918  0
3.79389  0
3.79599  0
3.79809  0
3.80019  0
3.80228  0
3.80438  0
3.80648  0
3.80857  0
3.81067  0
3.81277  0
3.81487  0
3.81696  0
3.81906  0
3.82116  0
3.82325  0
3.82535  0
3.82745  0
3.82955  0
3.83164  0
3.83374  0
3.83584  0
3.83794  0
3.84003  0
3.84213  0
3.84423  0
3.84632  0
3.84842  0
3.85052  0
3.85262  0
3.85471  0
3.85681  0
3.85891  0
3.861  0
3.8631  0
3.8652  0
3.8673  0
3.86939  0
3.87149  0
3.87359  0
3.87569  0
3.87778  0
3.87988  0
3.88198  0
3.88407  0
3.88617  0
3.88827  0
3.89037  0
3.89246  0
3.89456  0
3.89666  0
3.89875  0
3.90085  0
3.90295  0
3.90505  0
3.90714  0
3.90924  0
3.91134  0
3.91344  0
3.91553  0
3.91763  0
3.91973  0
3.92182  0
3.92392  0
3.92602  0
3.92812  0
3.93021  0
3.93231  0
3.93441  0
3.93651  0
3.9386  0
3.9407  0
3.9428  0
3.94489  0
3.94699  0
3.94909  0
3.95119  0
3.95328  0
3.95538  0
3.95748  0
3.95957  0
3.96167  0
3.96377  0
3.96587  0
3.96796  0
3.97006  0
3.97216  0
3.97426  0
3.97635  0
3.97845  0
3.98055  0
3.98264  0
3.98474  0
3.98684  0
3.98894  0
3.99103  0
3.99313  0
3.99523  0
3.99732  0
3.99942  0
4.00152  0
4.00362  0
4.00571  0
4.00781  0
4.00991  0
4.01201  0
4.0141  0
4.0162  0
4.0183  0
4.02039  0
4.02249  0
4.02459  0
4.02669  0
4.02878  0
4.03088  0
4.03298  0
4.03508  0
4.03717  0
4.03927  0
4.04137  0
4.04346  0
4.04556  0
4.04766  0
4.04976  0
4.05185  0
4.05395  0
4.05605  0
4.05814  0
4.06024  0
4.06234  0
4.06444  0
4.06653  0
4.06863  0
4.07073  0
4.07283  0
4.07492  0
4.07702  0
4.07912  0
4.08121  0
4.08331  0
4.08541  0
4.08751  0
4.0896  0
4.0917  0
4.0938  0
4.09589  0
4.09799  0
4.10009  0
4.10219  0
4.10428  0
4.10638  0
4.10848  0
4.11058  0
4.11267  0
4.11477  0
4.11687  0
4.11896  0
4.12106  0
4.12316  0
4.12526  0
4.12735  0
4.12945  0
4.13155  0
4.13364  0
4.13574  0
4.13784  0
4.13994  0
4.14203  0
4.14413  0
4.14623  0
4.14833  0
4.15042  0
4.15252  0
4.15462  0
4.15671  0
4.15881  0
4.16091  0
4.16301  0
4.1651  0
4.1672  0
4.1693  0
4.1714  0
4.17349  0
4.17559  0
4.17769  0
4.17978  0
4.18188  0
4.18398  0
4.18608  0
4.18817  0
4.19027  0
4.19237  0
4.19446  0
4.19656  0
4.19866  0
4.20076  0
4.20285  0
4.20495  0
4.20705  0
4.20915  0
4.21124  0
4.21334  0
4.21544  0
4.21753  0
4.21963  0
4.22173  0
4.22383  0
4.22592  0
4.22802  0
4.23012  0
4.23221  0
4.23431  0
4.23641  0
4.23851  0
4.2406  0
4.2427  0
4.2448  0
4.2469  0
4.24899  0
4.25109  0
4.25319  0
4.25528  0
4.25738  0
4.25948  0
4.26158  0
4.26367  0
4.26577  0
4.26787  0
4.26997  0
4.27206  0
4.27416  0
4.27626  0
4.27835  0
4.28045  0
4.28255  0
4.28465  0
4.28674  0
4.28884  0
4.29094  0
4.29303  0
4.29513  0
4.29723  0
4.29933  0
4.30142  0
4.30352  0
4.30562  0
4.30772  0
4.30981  0
4.31191  0
4.31401  0
4.3161  0
4.3182  0
4.3203  0
4.3224  0
4.32449  0
4.32659  0
4.32869  0
4.33078  0
4.33288  0
4.33498  0
4.33708  0
4.33917  0
4.34127  0
4.34337  0
4.34547  0
4.34756  0
4.34966  0
4.35176  0
4.35385  0
4.35595  0
4.35805  0
4.36015  0
4.36224  0
4.36434  0
4.36644  0
4.36853  0
4.37063  0
4.37273  0
4.37483  0
4.37692  0
4.37902  0
4.38112  0
4.38322  0
4.38531  0
4.38741  0
4.38951  0
4.3916  0
4.3937  0
4.3958  0
4.3979  0
4.39999  0
4.40209  0
4.40419  0
4.40629  0
4.40838  0
4.41048  0
4.41258  0
4.41467  0
4.41677  0
4.41887  0
4.42097  0
4.42306  0
4.42516  0
4.42726  0
4.42935  0
4.43145  0
4.43355  0
4.43565  0
4.43774  0
4.43984  0
4.44194  0
4.44404  0
4.44613  0
4.44823  0
4.45033  0
4.45242  0
4.45452  0
4.45662  0
4.45872  0
4.46081  0
4.46291  0
4.46501  0
4.4671  0
4.4692  0
4.4713  0
4.4734  0
4.47549  0
4.47759  0
4.47969  0
4.48179  0
4.48388  0
4.48598  0
4.48808  0
4.49017  0
4.49227  0
4.49437  0
4.49647  0
4.49856  0
4.50066  0
4.50276  0
4.50486  0
4.50695  0
4.50905  0
4.51115  0
4.51324  0
4.51534  0
4.51744  0
4.51954  0
4.52163  0
4.52373  0
4.52583  0
4.52792  0
4.53002  0
4.53212  0
4.53422  0
4.53631  0
4.53841  0
4.54051  0
4.54261  0
4.5447  0
4.5468  0
4.5489  0
4.55099  0
4.55309  0
4.55519  0
4.55729  0
4.55938  0
4.56148  0
4.56358  0
4.56567  0
4.56777  0
4.56987  0
4.57197  0
4.57406  0
4.57616  0
4.57826  0
4.58036  0
4.58245  0
4.58455  0
4.58665  0
4.58874  0
4.59084  0
4.59294  0
4.59504  0
4.59713  0
4.59923  0
4.60133  0
4.60343  0
4.60552  0
4.60762  0
4.60972  0
4.61181  0
4.61391  0
4.61601  0
4.61811  0
4.6202  0
4.6223  0
4.6244  0
4.62649  0
4.62859  0
4.63069  0
4.63279  0
4.63488  0
4.63698  0
4.63908  0
4.64118  0
4.64327  0
4.64537  0
4.64747  0
4.64956  0
4.65166  0
4.65376  0
4.65586  0
4.65795  0
4.66005  0
4.66215  0
4.66424  0
4.66634  0
4.66844  0
4.67054  0
4.67263  0
4.67473  0
4.67683  0
4.67893  0
4.68102  0
4.68312  0
4.68522  0
4.68731  0
4.68941  0
4.69151  0
4.69361  0
4.6957  0
4.6978  0
4.6999  0
4.70199  0
4.70409  0
4.70619  0
4.70829  0
4.71038  0
4.71248  0
4.71458  0
4.71668  0
4.71877  0
4.72087  0
4.72297  0
4.72506  0
4.72716  0
4.72926  0
4.73136  0
4.73345  0
4.73555  0
4.73765  0
4.73975  0
4.74184  0
4.74394  0
4.74604  0
4.74813  0
4.75023  0
4.75233  0
4.75443  0
4.75652  0
4.75862  0
4.76072  0
4.76281  0
4.76491  0
4.76701  0
4.76911  0
4.7712  0
4.7733  0
4.7754  0
4.7775  0
4.77959  0
4.78169  0
4.78379  0
4.78588  0
4.78798  0
4.79008  0
4.79218  0
4.79427  0
4.79637  0
4.79847  0
4.80056  0
4.80266  0
4.80476  0
4.80686  0
4.80895  0
4.81105  0
4.81315  0
4.81525  0
4.81734  0
4.81944  0
4.82154  0
4.82363  0
4.82573  0
4.82783  0
4.82993  0
4.83202  0
4.83412  0
4.83622  0
4.83832  0
4.84041  0
4.84251  0
4.84461  0
4.8467  0
4.8488  0
4.8509  0
4.853  0
4.85509  0
4.85719  0
4.85929  0
4.86138  0
4.86348  0
4.86558  0
4.86768  0
4.86977  0
4.87187  0
4.87397  0
4.87607  0
4.87816  0
4.88026  0
4.88236  0
4.88445  0
4.88655  0
4.88865  0
4.89075  0
4.89284  0
4.89494  0
4.89704  0
4.89913  0
4.90123  0
4.90333  0
4.90543  0
4.90752  0
4.90962  0
4.91172  0
4.91382  0
4.91591  0
4.91801  0
4.92011  0
4.9222  0
4.9243  0
4.9264  0
4.9285  0
4.93059  0
4.93269  0
4.93479  0
4.93688  0
4.93898  0
4.94108  0
4.94318  0
4.94527  0
4.94737  0
4.94947  0
4.95157  0
4.95366  0
4.95576  0
4.95786  0
4.95995  0
4.96205  0
4.96415  0
4.96625  0
4.96834  0
4.97044  0
4.97254  0
4.97464  0
4.97673  0
4.97883  0
4.98093  0
4.98302  0
4.98512  0
4.98722  0
4.98932  0
4.99141  0
4.99351  0
4.99561  0
4.9977  0
4.9998  0
5.0019  0
5.004  0
5.00609  0
5.00819  0
5.01029  0
5.01239  0
5.01448  0
5.01658  0
5.01868  0
5.02077  0
5.02287  0
5.02497  0
5.02707  0
5.02916  0
5.03126  0
5.03336  0
5.03545  0
5.03755  0
5.03965  0
5.04175  0
5.04384  0
5.04594  0
5.04804  0
5.05014  0
5.05223  0
5.05433  0
5.05643  0
5.05852  0
5.06062  0
5.06272  0
5.06482  0
5.06691  0
5.06901  0
5.07111  0
5.07321  0
5.0753  0
5.0774  0
5.0795  0
5.08159  0
5.08369  0
5.08579  0
5.08789  0
5.08998  0
5.09208  0
5.09418  0
5.09627  0
5.09837  0
5.10047  0
5.10257  0
5.10466  0
5.10676  0
5.10886  0
5.11096  0
5.11305  0
5.11515  0
5.11725  0
5.11934  0
5.12144  0
5.12354  0
5.12564  0
5.12773  0
5.12983  0
5.13193  0
5.13402  0
5.13612  0
5.13822  0
5.14032  0
5.14241  0
5.14451  0
5.14661  0
5.14871  0
5.1508  0
5.1529  0
5.155  0
5.15709  0
5.15919  0
5.16129  0
5.16339  0
5.16548  0
5.16758  0
5.16968  0
5.17177  0
5.17387  0
5.17597  0
5.17807  0
5.18016  0
5.18226  0
5.18436  0
5.18646  0
5.18855  0
5.19065  0
5.19275  0
5.19484  0
5.19694  0
5.19904  0
5.20114  0
5.20323  0
5.20533  0
5.20743  0
5.20953  0
5.21162  0
5.21372  0
5.21582  0
5.21791  0
5.22001  0
5.22211  0
5.22421  0
5.2263  0
5.2284  0
5.2305  0
5.23259  0
5.23469  0
5.23679  0
5.23889  0
5.24098  0
5.24308  0
5.24518  0
5.24728  0
5.24937  0
5.25147  0
5.25357  0
5.25566  0
5.25776  0
5.25986  0
5.26196  0
5.26405  0
5.26615  0
5.26825  0
5.27034  0
5.27244  0
5.27454  0
5.27664  0
5.27873  0
5.28083  0
5.28293  0
5.28503  0
5.28712  0
5.28922  0
5.29132  0
5.29341  0
5.29551  0
5.29761  0
5.29971  0
5.3018  0
5.3039  0
5.306  0
5.3081  0
5.31019  0
5.31229  0
5.31439  0
5.31648  0
5.31858  0
5.32068  0
5.32278  0
5.32487  0
5.32697  0
5.32907  0
5.33116  0
5.33326  0
5.33536  0
5.33746  0
5.33955  0
5.34165  0
5.34375  0
5.34585  0
5.34794  0
5.35004  0
5.35214  0
5.35423  0
5.35633  0
5.35843  0
5.36053  0
5.36262  0
5.36472  0
5.36682  0
5.36891  0
5.37101  0
5.37311  0
5.37521  0
5.3773  0
5.3794  0
5.3815  0
5.3836  0
5.38569  0
5.38779  0
5.38989  0
5.39198  0
5.39408  0
5.39618  0
5.39828  0
5.40037  0
5.40247  0
5.40457  0
5.40667  0
5.40876  0
5.41086  0
5.41296  0
5.41505  0
5.41715  0
5.41925  0
5.42135  0
5.42344  0
5.42554  0
5.42764  0
5.42973  0
5.43183  0
5.43393  0
5.43603  0
5.43812  0
5.44022  0
5.44232  0
5.44442  0
5.44651  0
5.44861  0
5.45071  0
5.4528  0
5.4549  0
5.457  0
5.4591  0
5.46119  0
5.46329  0
5.46539  0
5.46748  0
5.46958  0
5.47168  0
5.47378  0
5.47587  0
5.47797  0
5.48007  0
5.48217  0
5.48426  0
5.48636  0
5.48846  0
5.49055  0
5.49265  0
5.49475  0
5.49685  0
5.49894  0
5.50104  0
5.50314  0
5.50523  0
5.50733  0
5.50943  0
5.51153  0
5.51362  0
5.51572  0
5.51782  0
5.51992  0
5.52201  0
5.52411  0
5.52621  0
5.5283  0
5.5304  0
5.5325  0
5.5346  0
5.53669  0
5.53879  0
5.54089  0
5.54299  0
5.54508  0
5.54718  0
5.54928  0
5.55137  0
5.55347  0
5.55557  0
5.55767  0
5.55976  0
5.56186  0
5.56396  0
5.56605  0
5.56815  0
5.57025  0
5.57235  0
5.57444  0
5.57654  0
5.57864  0
5.58074  0
5.58283  0
5.58493  0
5.58703  0
5.58912  0
5.59122  0
5.59332  0
5.59542  0
5.59751  0
5.59961  0
5.60171  0
5.6038  0
5.6059  0
5.608  0
5.6101  0
5.61219  0
5.61429  0
5.61639  0
5.61849  0
5.62058  0
5.62268  0
5.62478  0
5.62687  0
5.62897  0
5.63107  0
5.63317  0
5.63526  0
5.63736  0
5.63946  0
5.64156  0
5.64365  0
5.64575  0
5.64785  0
5.64994  0
5.65204  0
5.65414  0
5.65624  0
5.65833  0
5.66043  0
5.66253  0
5.66462  0
5.66672  0
5.66882  0
5.67092  0
5.67301  0
5.67511  0
5.67721  0
5.67931  0
5.6814  0
5.6835  0
5.6856  0
5.68769  0
5.68979  0
5.69189  0
5.69399  0
5.69608  0
5.69818  0
5.70028  0
5.70237  0
5.70447  0
5.70657  0
5.70867  0
5.71076  0
5.71286  0
5.71496  0
5.71706  0
5.71915  0
5.72125  0
5.72335  0
5.72544  0
5.72754  0
5.72964  0
5.73174  0
5.73383  0
5.73593  0
5.73803  0
5.74012  0
5.74222  0
5.74432  0
5.74642  0
5.74851  0
5.75061  0
5.75271  0
5.75481  0
5.7569  0
5.759  0
5.7611  0
5.76319  0
5.76529  0
5.76739  0
5.76949  0
5.77158  0
5.77368  0
5.77578  0
5.77788  0
5.77997  0
5.78207  0
5.78417  0
5.78626  0
5.78836  0
5.79046  0
5.79256  0
5.79465  0
5.79675  0
5.79885  0
5.80094  0
5.80304  0
5.80514  0
5.80724  0
5.80933  0
5.81143  0
5.81353  0
5.81563  0
5.81772  0
5.81982  0
5.82192  0
5.82401  0
5.82611  0
5.82821  0
5.83031  0
5.8324  0
5.8345  0
5.8366  0
5.83869  0
5.84079  0
5.84289  0
5.84499  0
5.84708  0
5.84918  0
5.85128  0
5.85338  0
5.85547  0
5.85757  0
5.85967  0
5.86176  0
5.86386  0
5.86596  0
5.86806  0
5.87015  0
5.87225  0
5.87435  0
5.87645  0
5.87854  0
5.88064  0
5.88274  0
5.88483  0
5.88693  0
5.88903  0
5.89113  0
5.89322  0
5.89532  0
5.89742  0
5.89951  0
5.90161  0
5.90371  0
5.90581  0
5.9079  0
5.91  0
5.9121  0
5.9142  0
5.91629  0
5.91839  0
5.92049  0
5.92258  0
5.92468  0
5.92678  0
5.92888  0
5.93097  0
5.93307  0
5.93517  0
5.93726  0
5.93936  0
5.94146  0
5.94356  0
5.94565  0
5.94775  0
5.94985  0
5.95195  0
5.95404  0
5.95614  0
5.95824  0
5.96033  0
5.96243  0
5.96453  0
5.96663  0
5.96872  0
5.97082  0
5.97292  0
5.97501  0
5.97711  0
5.97921  0
5.98131  0
5.9834  0
5.9855  0
5.9876  0
5.9897  0
5.99179  0
5.99389  0
5.99599  0
5.99808  0
6.00018  0
6.00228  0
6.00438  0
6.00647  0
6.00857  0
6.01067  0
6.01277  0
6.01486  0
6.01696  0
6.01906  0
6.02115  0
6.02325  0
6.02535  0
6.02745  0
6.02954  0
6.03164  0
6.03374  0
6.03583  0
6.03793  0
6.04003  0
6.04213  0
6.04422  0
6.04632  0
6.04842  0
6.05052  0
6.05261  0
6.05471  0
6.05681  0
6.0589  0
6.061  0
6.0631  0
6.0652  0
6.06729  0
6.06939  0
6.07149  0
6.07358  0
6.07568  0
6.07778  0
6.07988  0
6.08197  0
6.08407  0
6.08617  0
6.08827  0
6.09036  0
6.09246  0
6.09456  0
6.09665  0
6.09875  0
6.10085  0
6.10295  0
6.10504  0
6.10714  0
6.10924  0
6.11134  0
6.11343  0
6.11553  0
6.11763  0
6.11972  0
6.12182  0
6.12392  0
6.12602  0
6.12811  0
6.13021  0
6.13231  0
6.1344  0
6.1365  0
6.1386  0
6.1407  0
6.14279  0
6.14489  0
6.14699  0
6.14909  0
6.15118  0
6.15328  0
6.15538  0
6.15747  0
6.15957  0
6.16167  0
6.16377  0
6.16586  0
6.16796  0
6.17006  0
6.17215  0
6.17425  0
6.17635  0
6.17845  0
6.18054  0
6.18264  0
6.18474  0
6.18684  0
6.18893  0
6.19103  0
6.19313  0
6.19522  0
6.19732  0
6.19942  0
6.20152  0
6.20361  0
6.20571  0
6.20781  0
6.20991  0
6.212  0
6.2141  0
6.2162  0
6.21829  0
6.22039  0
6.22249  0
6.22459  0
6.22668  0
6.22878  0
6.23088  0
6.23297  0
6.23507  0
6.23717  0
6.23927  0
6.24136  0
6.24346  0
6.24556  0
6.24766  0
6.24975  0
6.25185  0
6.25395  0
6.25604  0
6.25814  0
6.26024  0
6.26234  0
6.26443  0
6.26653  0
6.26863  0
6.27072  0
6.27282  0
6.27492  0
6.27702  0
6.27911  0
6.28121  0
6.28331  0
6.28541  0
6.2875  0
6.2896  0
6.2917  0
6.29379  0
6.29589  0
6.29799  0
6.30009  0
6.30218  0
6.30428  0
6.30638  0
6.30847  0
6.31057  0
6.31267  0
6.31477  0
6.31686  0
6.31896  0
6.32106  0
6.32316  0
6.32525  0
6.32735  0
6.32945  0
6.33154  0
6.33364  0
6.33574  0
6.33784  0
6.33993  0
6.34203  0
6.34413  0
6.34623  0
6.34832  0
6.35042  0
6.35252  0
6.35461  0
6.35671  0
6.35881  0
6.36091  0
6.363  0
6.3651  0
6.3672  0
6.36929  0
6.37139  0
6.37349  0
6.37559  0
6.37768  0
6.37978  0
6.38188  0
6.38398  0
6.38607  0
6.38817  0
6.39027  0
6.39236  0
6.39446  0
6.39656  0
6.39866  0
6.40075  0
6.40285  0
6.40495  0
6.40704  0
6.40914  0
6.41124  0
6.41334  0
6.41543  0
6.41753  0
6.41963  0
6.42173  0
6.42382  0
6.42592  0
6.42802  0
6.43011  0
6.43221  0
6.43431  0
6.43641  0
6.4385  0
6.4406  0
6.4427  0
6.4448  0
6.44689  0
6.44899  0
6.45109  0
6.45318  0
6.45528  0
6.45738  0
6.45948  0
6.46157  0
6.46367  0
6.46577  0
6.46786  0
6.46996  0
6.47206  0
6.47416  0
6.47625  0
6.47835  0
6.48045  0
6.48255  0
6.48464  0
6.48674  0
6.48884  0
6.49093  0
6.49303  0
6.49513  0
6.49723  0
6.49932  0
6.50142  0
6.50352  0
6.50561  0
6.50771  0
6.50981  0
6.51191  0
6.514  0
6.5161  0
6.5182  0
6.5203  0
6.52239  0
6.52449  0
6.52659  0
6.52868  0
6.53078  0
6.53288  0
6.53498  0
6.53707  0
6.53917  0
6.54127  0
6.54336  0
6.54546  0
6.54756  0
6.54966  0
6.55175  0
6.55385  0
6.55595  0
6.55805  0
6.56014  0
6.56224  0
6.56434  0
6.56643  0
6.56853  0
6.57063  0
6.57273  0
6.57482  0
6.57692  0
6.57902  0
6.58112  0
6.58321  0
6.58531  0
6.58741  0
6.5895  0
6.5916  0
6.5937  0
6.5958  0
6.59789  0
6.59999  0
6.60209  0
6.60418  0
6.60628  0
6.60838  0
6.61048  0
6.61257  0
6.61467  0
6.61677  0
6.61887  0
6.62096  0
6.62306  0
6.62516  0
6.62725  0
6.62935  0
6.63145  0
6.63355  0
6.63564  0
6.63774  0
6.63984  0
6.64193  0
6.64403  0
6.64613  0
6.64823  0
6.65032  0
6.65242  0
6.65452  0
6.65662  0
6.65871  0
6.66081  0
6.66291  0
6.665  0
6.6671  0
6.6692  0
6.6713  0
6.67339  0
6.67549  0
6.67759  0
6.67969  0
6.68178  0
6.68388  0
6.68598  0
6.68807  0
6.69017  0
6.69227  0
6.69437  0
6.69646  0
6.69856  0
6.70066  0
6.70275  0
6.70485  0
6.70695  0
6.70905  0
6.71114  0
6.71324  0
6.71534  0
6.71744  0
6.71953  0
6.72163  0
6.72373  0
6.72582  0
6.72792  0
6.73002  0
6.73212  0
6.73421  0
6.73631  0
6.73841  0
6.7405  0
6.7426  0
6.7447  0
6.7468  0
6.74889  0
6.75099  0
6.75309  0
6.75519  0
6.75728  0
6.75938  0
6.76148  0
6.76357  0
6.76567  0
6.76777  0
6.76987  0
6.77196  0
6.77406  0
6.77616  0
6.77825  0
6.78035  0
6.78245  0
6.78455  0
6.78664  0
6.78874  0
6.79084  0
6.79294  0
6.79503  0
6.79713  0
6.79923  0
6.80132  0
6.80342  0
6.80552  0
6.80762  0
6.80971  0
6.81181  0
6.81391  0
6.81601  0
6.8181  0
6.8202  0
6.8223  0
6.82439  0
6.82649  0
6.82859  0
6.83069  0
6.83278  0
6.83488  0
6.83698  0
6.83907  0
6.84117  0
6.84327  0
6.84537  0
6.84746  0
6.84956  0
6.85166  0
6.85376  0
6.85585  0
6.85795  0
6.86005  0
6.86214  0
6.86424  0
6.86634  0
6.86844  0
6.87053  0
6.87263  0
6.87473  0
6.87682  0
6.87892  0
6.88102  0
6.88312  0
6.88521  0
6.88731  0
6.88941  0
6.89151  0
6.8936  0
6.8957  0
6.8978  0
6.89989  0
6.90199  0
6.90409  0
6.90619  0
6.90828  0
6.91038  0
6.91248  0
6.91458  0
6.91667  0
6.91877  0
6.92087  0
6.92296  0
6.92506  0
6.92716  0
6.92926  0
6.93135  0
6.93345  0
6.93555  0
6.93764  0
6.93974  0
6.94184  0
6.94394  0
6.94603  0
6.94813  0
6.95023  0
6.95233  0
6.95442  0
6.95652  0
6.95862  0
6.96071  0
6.96281  0
6.96491  0
6.96701  0
6.9691  0
6.9712  0
6.9733  0
6.97539  0
6.97749  0
6.97959  0
6.98169  0
6.98378  0
6.98588  0
6.98798  0
6.99008  0
6.99217  0
6.99427  0
6.99637  0
6.99846  0
7.00056  0
7.00266  0
7.00476  0
7.00685  0
7.00895  0
7.01105  0
7.01315  0
7.01524  0
7.01734  0
7.01944  0
7.02153  0
7.02363  0
7.02573  0
7.02783  0
7.02992  0
7.03202  0
7.03412  0
7.03621  0
7.03831  0
7.04041  0
7.04251  0
7.0446  0
7.0467  0
7.0488  0
7.0509  0
7.05299  0
7.05509  0
7.05719  0
7.05928  0
7.06138  0
7.06348  0
7.06558  0
7.06767  0
7.06977  0
7.07187  0
7.07396  0
7.07606  0
7.07816  0
7.08026  0
7.08235  0
7.08445  0
7.08655  0
7.08865  0
7.09074  0
7.09284  0
7.09494  0
7.09703  0
7.09913  0
7.10123  0
7.10333  0
7.10542  0
7.10752  0
7.10962  0
7.11171  0
7.11381  0
7.11591  0
7.11801  0
7.1201  0
7.1222  0
7.1243  0
7.1264  0
7.12849  0
7.13059  0
7.13269  0
7.13478  0
7.13688  0
7.13898  0
7.14108  0
7.14317  0
7.14527  0
7.14737  0
7.14947  0
7.15156  0
7.15366  0
7.15576  0
7.15785  0
7.15995  0
7.16205  0
7.16415  0
7.16624  0
7.16834  0
7.17044  0
7.17253  0
7.17463  0
7.17673  0
7.17883  0
7.18092  0
7.18302  0
7.18512  0
7.18722  0
7.18931  0
7.19141  0
7.19351  0
7.1956  0
7.1977  0
7.1998  0
7.2019  0
7.20399  0
7.20609  0
7.20819  0
7.21028  0
7.21238  0
7.21448  0
7.21658  0
7.21867  0
7.22077  0
7.22287  0
7.22497  0
7.22706  0
7.22916  0
7.23126  0
7.23335  0
7.23545  0
7.23755  0
7.23965  0
7.24174  0
7.24384  0
7.24594  0
7.24804  0
7.25013  0
7.25223  0
7.25433  0
7.25642  0
7.25852  0
7.26062  0
7.26272  0
7.26481  0
7.26691  0
7.26901  0
7.2711  0
7.2732  0
7.2753  0
7.2774  0
7.27949  0
7.28159  0
7.28369  0
7.28579  0
7.28788  0
7.28998  0
7.29208  0
7.29417  0
7.29627  0
7.29837  0
7.30047  0
7.30256  0
7.30466  0
7.30676  0
7.30885  0
7.31095  0
7.31305  0
7.31515  0
7.31724  0
7.31934  0
7.32144  0
7.32354  0
7.32563  0
7.32773  0
7.32983  0
7.33192  0
7.33402  0
7.33612  0
7.33822  0
7.34031  0
7.34241  0
7.34451  0
7.3466  0
7.3487  0
7.3508  0
7.3529  0
7.35499  0
7.35709  0
7.35919  0
7.36129  0
7.36338  0
7.36548  0
7.36758  0
7.36967  0
7.37177  0
7.37387  0
7.37597  0
7.37806  0
7.38016  0
7.38226  0
7.38436  0
7.38645  0
7.38855  0
7.39065  0
7.39274  0
7.39484  0
7.39694  0
7.39904  0
7.40113  0
7.40323  0
7.40533  0
7.40742  0
7.40952  0
7.41162  0
7.41372  0
7.41581  0
7.41791  0
7.42001  0
7.42211  0
7.4242  0
7.4263  0
7.4284  0
7.43049  0
7.43259  0
7.43469  0
7.43679  0
7.43888  0
7.44098  0
7.44308  0
7.44517  0
7.44727  0
7.44937  0
7.45147  0
7.45356  0
7.45566  0
7.45776  0
7.45986  0
7.46195  0
7.46405  0
7.46615  0
7.46824  0
7.47034  0
7.47244  0
7.47454  0
7.47663  0
7.47873  0
7.48083  0
7.48293  0
7.48502  0
7.48712  0
7.48922  0
7.49131  0
7.49341  0
7.49551  0
7.49761  0
7.4997  0
7.5018  0
7.5039  0
7.50599  0
7.50809  0
7.51019  0
7.51229  0
7.51438  0
7.51648  0
7.51858  0
7.52068  0
7.52277  0
7.52487  0
7.52697  0
7.52906  0
7.53116  0
7.53326  0
7.53536  0
7.53745  0
7.53955  0
7.54165  0
7.54374  0
7.54584  0
7.54794  0
7.55004  0
7.55213  0
7.55423  0
7.55633  0
7.55843  0
7.56052  0
7.56262  0
7.56472  0
7.56681  0
7.56891  0
7.57101  0
7.57311  0
7.5752  0
7.5773  0
7.5794  0
7.58149  0
7.58359  0
7.58569  0
7.58779  0
7.58988  0
7.59198  0
7.59408  0
7.59618  0
7.59827  0
7.60037  0
7.60247  0
7.60456  0
7.60666  0
7.60876  0
7.61086  0
7.61295  0
7.61505  0
7.61715  0
7.61925  0
7.62134  0
7.62344  0
7.62554  0
7.62763  0
7.62973  0
7.63183  0
7.63393  0
7.63602  0
7.63812  0
7.64022  0
7.64231  0
7.64441  0
7.64651  0
7.64861  0
7.6507  0
7.6528  0
7.6549  0
7.657  0
7.65909  0
7.66119  0
7.66329  0
7.66538  0
7.66748  0
7.66958  0
7.67168  0
7.67377  0
7.67587  0
7.67797  0
7.68006  0
7.68216  0
7.68426  0
7.68636  0
7.68845  0
7.69055  0
7.69265  0
7.69475  0
7.69684  0
7.69894  0
7.70104  0
7.70313  0
7.70523  0
7.70733  0
7.70943  0
7.71152  0
7.71362  0
7.71572  0
7.71782  0
7.71991  0
7.72201  0
7.72411  0
7.7262  0
7.7283  0
7.7304  0
7.7325  0
7.73459  0
7.73669  0
7.73879  0
7.74088  0
7.74298  0
7.74508  0
7.74718  0
7.74927  0
7.75137  0
7.75347  0
7.75557  0
7.75766  0
7.75976  0
7.76186  0
7.76395  0
7.76605  0
7.76815  0
7.77025  0
7.77234  0
7.77444  0
7.77654  0
7.77863  0
7.78073  0
7.78283  0
7.78493  0
7.78702  0
7.78912  0
7.79122  0
7.79332  0
7.79541  0
7.79751  0
7.79961  0
7.8017  0
7.8038  0
7.8059  0
7.808  0
7.81009  0
7.81219  0
7.81429  0
7.81638  0
7.81848  0
7.82058  0
7.82268  0
7.82477  0
7.82687  0
7.82897  0
7.83107  0
7.83316  0
7.83526  0
7.83736  0
7.83945  0
7.84155  0
7.84365  0
7.84575  0
7.84784  0
7.84994  0
7.85204  0
7.85414  0
7.85623  0
7.85833  0
7.86043  0
7.86252  0
7.86462  0
7.86672  0
7.86882  0
7.87091  0
7.87301  0
7.87511  0
7.8772  0
7.8793  0
7.8814  0
7.8835  0
7.88559  0
7.88769  0
7.88979  0
7.89189  0
7.89398  0
7.89608  0
7.89818  0
7.90027  0
7.90237  0
7.90447  0
7.90657  0
7.90866  0
7.91076  0
7.91286  0
7.91495  0
7.91705  0
7.91915  0
7.92125  0
7.92334  0
7.92544  0
7.92754  0
7.92964  0
7.93173  0
7.93383  0
7.93593  0
7.93802  0
7.94012  0
7.94222  0
7.94432  0
7.94641  0
7.94851  0
7.95061  0
7.95271  0
7.9548  0
7.9569  0
7.959  0
7.96109  0
7.96319  0
7.96529  0
7.96739  0
7.96948  0
7.97158  0
7.97368  0
7.97577  0
7.97787  0
7.97997  0
7.98207  0
7.98416  0
7.98626  0
7.98836  0
7.99046  0
7.99255  0
7.99465  0
7.99675  0
7.99884  0
8.00094  0
8.00304  0
8.00514  0
8.00723  0
8.00933  0
8.01143  0
8.01352  0
8.01562  0
8.01772  0
8.01982  0
8.02191  0
8.02401  0
8.02611  0
8.02821  0
8.0303  0
8.0324  0
8.0345  0
8.03659  0
8.03869  0
8.04079  0
8.04289  0
8.04498  0
8.04708  0
8.04918  0
8.05128  0
8.05337  0
8.05547  0
8.05757  0
8.05966  0
8.06176  0
8.06386  0
8.06596  0
8.06805  0
8.07015  0
8.07225  0
8.07434  0
8.07644  0
8.07854  0
8.08064  0
8.08273  0
8.08483  0
8.08693  0
8.08903  0
8.09112  0
8.09322  0
8.09532  0
8.09741  0
8.09951  0
8.10161  0
8.10371  0
8.1058  0
8.1079  0
8.11  0
8.11209  0
8.11419  0
8.11629  0
8.11839  0
8.12048  0
8.12258  0
8.12468  0
8.12678  0
8.12887  0
8.13097  0
8.13307  0
8.13516  0
8.13726  0
8.13936  0
8.14146  0
8.14355  0
8.14565  0
8.14775  0
8.14984  0
8.15194  0
8.15404  0
8.15614  0
8.15823  0
8.16033  0
8.16243  0
8.16453  0
8.16662  0
8.16872  0
8.17082  0
8.17291  0
8.17501  0
8.17711  0
8.17921  0
8.1813  0
8.1834  0
8.1855  0
8.1876  0
8.18969  0
8.19179  0
8.19389  0
8.19598  0
8.19808  0
8.20018  0
8.20228  0
8.20437  0
8.20647  0
8.20857  0
8.21066  0
8.21276  0
8.21486  0
8.21696  0
8.21905  0
8.22115  0
8.22325  0
8.22535  0
8.22744  0
8.22954  0
8.23164  0
8.23373  0
8.23583  0
8.23793  0
8.24003  0
8.24212  0
8.24422  0
8.24632  0
8.24841  0
8.25051  0
8.25261  0
8.25471  0
8.2568  0
8.2589  0
8.261  0
8.2631  0
8.26519  0
8.26729  0
8.26939  0
8.27148  0
8.27358  0
8.27568  0
8.27778  0
8.27987  0
8.28197  0
8.28407  0
8.28617  0
8.28826  0
8.29036  0
8.29246  0
8.29455  0
8.29665  0
8.29875  0
8.30085  0
8.30294  0
8.30504  0
8.30714  0
8.30923  0
8.31133  0
8.31343  0
8.31553  0
8.31762  0
8.31972  0
8.32182  0
8.32392  0
8.32601  0
8.32811  0
8.33021  0
8.3323  0
8.3344  0
8.3365  0
8.3386  0
8.34069  0
8.34279  0
8.34489  0
8.34698  0
8.34908  0
8.35118  0
8.35328  0
8.35537  0
8.35747  0
8.35957  0
8.36167  0
8.36376  0
8.36586  0
8.36796  0
8.37005  0
8.37215  0
8.37425  0
8.37635  0
8.37844  0
8.38054  0
8.38264  0
8.38473  0
8.38683  0
8.38893  0
8.39103  0
8.39312  0
8.39522  0
8.39732  0
8.39942  0
8.40151  0
8.40361  0
8.40571  0
8.4078  0
8.4099  0
8.412  0
8.4141  0
8.41619  0
8.41829  0
8.42039  0
8.42249  0
8.42458  0
8.42668  0
8.42878  0
8.43087  0
8.43297  0
8.43507  0
8.43717  0
8.43926  0
8.44136  0
8.44346  0
8.44555  0
8.44765  0
8.44975  0
8.45185  0
8.45394  0
8.45604  0
8.45814  0
8.46024  0
8.46233  0
8.46443  0
8.46653  0
8.46862  0
8.47072  0
8.47282  0
8.47492  0
8.47701  0
8.47911  0
8.48121  0
8.4833  0
8.4854  0
8.4875  0
8.4896  0
8.49169  0
8.49379  0
8.49589  0
8.49799  0
8.50008  0
8.50218  0
8.50428  0
8.50637  0
8.50847  0
8.51057  0
8.51267  0
8.51476  0
8.51686  0
8.51896  0
8.52106  0
8.52315  0
8.52525  0
8.52735  0
8.52944  0
8.53154  0
8.53364  0
8.53574  0
8.53783  0
8.53993  0
8.54203  0
8.54412  0
8.54622  0
8.54832  0
8.55042  0
8.55251  0
8.55461  0
8.55671  0
8.55881  0
8.5609  0
8.563  0
8.5651  0
8.56719  0
8.56929  0
8.57139  0
8.57349  0
8.57558  0
8.57768  0
8.57978  0
8.58187  0
8.58397  0
8.58607  0
8.58817  0
8.59026  0
8.59236  0
8.59446  0
8.59656  0
8.59865  0
8.60075  0
8.60285  0
8.60494  0
8.60704  0
8.60914  0
8.61124  0
8.61333  0
8.61543  0
8.61753  0
8.61962  0
8.62172  0
8.62382  0
8.62592  0
8.62801  0
8.63011  0
8.63221  0
8.63431  0
8.6364  0
8.6385  0
8.6406  0
8.64269  0
8.64479  0
8.64689  0
8.64899  0
8.65108  0
8.65318  0
8.65528  0
8.65738  0
8.65947  0
8.66157  0
8.66367  0
8.66576  0
8.66786  0
8.66996  0
8.67206  0
8.67415  0
8.67625  0
8.67835  0
8.68044  0
8.68254  0
8.68464  0
8.68674  0
8.68883  0
8.69093  0
8.69303  0
8.69513  0
8.69722  0
8.69932  0
8.70142  0
8.70351  0
8.70561  0
8.70771  0
8.70981  0
8.7119  0
8.714  0
8.7161  0
8.71819  0
8.72029  0
8.72239  0
8.72449  0
8.72658  0
8.72868  0
8.73078  0
8.73288  0
8.73497  0
8.73707  0
8.73917  0
8.74126  0
8.74336  0
8.74546  0
8.74756  0
8.74965  0
8.75175  0
8.75385  0
8.75595  0
8.75804  0
8.76014  0
8.76224  0
8.76433  0
8.76643  0
8.76853  0
8.77063  0
8.77272  0
8.77482  0
8.77692  0
8.77901  0
8.78111  0
8.78321  0
8.78531  0
8.7874  0
8.7895  0
8.7916  0
8.7937  0
8.79579  0
8.79789  0
8.79999  0
8.80208  0
8.80418  0
8.80628  0
8.80838  0
8.81047  0
8.81257  0
8.81467  0
8.81676  0
8.81886  0
8.82096  0
8.82306  0
8.82515  0
8.82725  0
8.82935  0
8.83145  0
8.83354  0
8.83564  0
8.83774  0
8.83983  0
8.84193  0
8.84403  0
8.84613  0
8.84822  0
8.85032  0
8.85242  0
8.85452  0
8.85661  0
8.85871  0
8.86081  0
8.8629  0
8.865  0
8.8671  0
8.8692  0
8.87129  0
8.87339  0
8.87549  0
8.87758  0
8.87968  0
8.88178  0
8.88388  0
8.88597  0
8.88807  0
8.89017  0
8.89227  0
8.89436  0
8.89646  0
8.89856  0
8.90065  0
8.90275  0
8.90485  0
8.90695  0
8.90904  0
8.91114  0
8.91324  0
8.91533  0
8.91743  0
8.91953  0
8.92163  0
8.92372  0
8.92582  0
8.92792  0
8.93002  0
8.93211  0
8.93421  0
8.93631  0
8.9384  0
8.9405  0
8.9426  0
8.9447  0
8.94679  0
8.94889  0
8.95099  0
8.95308  0
8.95518  0
8.95728  0
8.95938  0
8.96147  0
8.96357  0
8.96567  0
8.96777  0
8.96986  0
8.97196  0
8.97406  0
8.97615  0
8.97825  0
8.98035  0
8.98245  0
8.98454  0
8.98664  0
8.98874  0
8.99084  0
8.99293  0
8.99503  0
8.99713  0
8.99922  0
9.00132  0
9.00342  0
9.00552  0
9.00761  0
9.00971  0
9.01181  0
9.0139  0
9.016  0
9.0181  0
9.0202  0
9.02229  0
9.02439  0
9.02649  0
9.02859  0
9.03068  0
9.03278  0
9.03488  0
9.03697  0
9.03907  0
9.04117  0
9.04327  0
9.04536  0
9.04746  0
9.04956  0
9.05165  0
9.05375  0
9.05585  0
9.05795  0
9.06004  0
9.06214  0
9.06424  0
9.06634  0
9.06843  0
9.07053  0
9.07263  0
9.07472  0
9.07682  0
9.07892  0
9.08102  0
9.08311  0
9.08521  0
9.08731  0
9.08941  0
9.0915  0
9.0936  0
9.0957  0
9.09779  0
9.09989  0
9.10199  0
9.10409  0
9.10618  0
9.10828  0
9.11038  0
9.11247  0
9.11457  0
9.11667  0
9.11877  0
9.12086  0
9.12296  0
9.12506  0
9.12716  0
9.12925  0
9.13135  0
9.13345  0
9.13554  0
9.13764  0
9.13974  0
9.14184  0
9.14393  0
9.14603  0
9.14813  0
9.15022  0
9.15232  0
9.15442  0
9.15652  0
9.15861  0
9.16071  0
9.16281  0
9.16491  0
9.167  0
9.1691  0
9.1712  0
9.17329  0
9.17539  0
9.17749  0
9.17959  0
9.18168  0
9.18378  0
9.18588  0
9.18797  0
9.19007  0
9.19217  0
9.19427  0
9.19636  0
9.19846  0
9.20056  0
9.20266  0
9.20475  0
9.20685  0
9.20895  0
9.21104  0
9.21314  0
9.21524  0
9.21734  0
9.21943  0
9.22153  0
9.22363  0
9.22573  0
9.22782  0
9.22992  0
9.23202  0
9.23411  0
9.23621  0
9.23831  0
9.24041  0
9.2425  0
9.2446  0
9.2467  0
9.24879  0
9.25089  0
9.25299  0
9.25509  0
9.25718  0
9.25928  0
9.26138  0
9.26348  0
9.26557  0
9.26767  0
9.26977  0
9.27186  0
9.27396  0
9.27606  0
9.27816  0
9.28025  0
9.28235  0
9.28445  0
9.28654  0
9.28864  0
9.29074  0
9.29284  0
9.29493  0
9.29703  0
9.29913  0
9.30123  0
9.30332  0
9.30542  0
9.30752  0
9.30961  0
9.31171  0
9.31381  0
9.31591  0
9.318  0
9.3201  0
9.3222  0
9.3243  0
9.32639  0
9.32849  0
9.33059  0
9.33268  0
9.33478  0
9.33688  0
9.33898  0
9.34107  0
9.34317  0
9.34527  0
9.34736  0
9.34946  0
9.35156  0
9.35366  0
9.35575  0
9.35785  0
9.35995  0
9.36205  0
9.36414  0
9.36624  0
9.36834  0
9.37043  0
9.37253  0
9.37463  0
9.37673  0
9.37882  0
9.38092  0
9.38302  0
9.38511  0
9.38721  0
9.38931  0
9.39141  0
9.3935  0
9.3956  0
9.3977  0
9.3998  0
9.40189  0
9.40399  0
9.40609  0
9.40818  0
9.41028  0
9.41238  0
9.41448  0
9.41657  0
9.41867  0
9.42077  0
9.42286  0
9.42496  0
9.42706  0
9.42916  0
9.43125  0
9.43335  0
9.43545  0
9.43755  0
9.43964  0
9.44174  0
9.44384  0
9.44593  0
9.44803  0
9.45013  0
9.45223  0
9.45432  0
9.45642  0
9.45852  0
9.46062  0
9.46271  0
9.46481  0
9.46691  0
9.469  0
9.4711  0
9.4732  0
9.4753  0
9.47739  0
9.47949  0
9.48159  0
9.48368  0
9.48578  0
9.48788  0
9.48998  0
9.49207  0
9.49417  0
9.49627  0
9.49837  0
9.50046  0
9.50256  0
9.50466  0
9.50675  0
9.50885  0
9.51095  0
9.51305  0
9.51514  0
9.51724  0
9.51934  0
9.52143  0
9.52353  0
9.52563  0
9.52773  0
9.52982  0
9.53192  0
9.53402  0
9.53612  0
9.53821  0
9.54031  0
9.54241  0
9.5445  0
9.5466  0
9.5487  0
9.5508  0
9.55289  0
9.55499  0
9.55709  0
9.55919  0
9.56128  0
9.56338  0
9.56548  0
9.56757  0
9.56967  0
9.57177  0
9.57387  0
9.57596  0
9.57806  0
9.58016  0
9.58225  0
9.58435  0
9.58645  0
9.58855  0
9.59064  0
9.59274  0
9.59484  0
9.59694  0
9.59903  0
9.60113  0
9.60323  0
9.60532  0
9.60742  0
9.60952  0
9.61162  0
9.61371  0
9.61581  0
9.61791  0
9.62  0
9.6221  0
9.6242  0
9.6263  0
9.62839  0
9.63049  0
9.63259  0
9.63469  0
9.63678  0
9.63888  0
9.64098  0
9.64307  0
9.64517  0
9.64727  0
9.64937  0
9.65146  0
9.65356  0
9.65566  0
9.65776  0
9.65985  0
9.66195  0
9.66405  0
9.66614  0
9.66824  0
9.67034  0
9.67244  0
9.67453  0
9.67663  0
9.67873  0
9.68082  0
9.68292  0
9.68502  0
9.68712  0
9.68921  0
9.69131  0
9.69341  0
9.69551  0
9.6976  0
9.6997  0
9.7018  0
9.70389  0
9.70599  0
9.70809  0
9.71019  0
9.71228  0
9.71438  0
9.71648  0
9.71857  0
9.72067  0
9.72277  0
9.72487  0
9.72696  0
9.72906  0
9.73116  0
9.73326  0
9.73535  0
9.73745  0
9.73955  0
9.74164  0
9.74374  0
9.74584  0
9.74794  0
9.75003  0
9.75213  0
9.75423  0
9.75632  0
9.75842  0
9.76052  0
9.76262  0
9.76471  0
9.76681  0
9.76891  0
9.77101  0
9.7731  0
9.7752  0
9.7773  0
9.77939  0
9.78149  0
9.78359  0
9.78569  0
9.78778  0
9.78988  0
9.79198  0
9.79408  0
9.79617  0
9.79827  0
9.80037  0
9.80246  0
9.80456  0
9.80666  0
9.80876  0
9.81085  0
9.81295  0
9.81505  0
9.81714  0
9.81924  0
9.82134  0
9.82344  0
9.82553  0
9.82763  0
9.82973  0
9.83183  0
9.83392  0
9.83602  0
9.83812  0
9.84021  0
9.84231  0
9.84441  0
9.84651  0
9.8486  0
9.8507  0
9.8528  0
9.85489  0
9.85699  0
9.85909  0
9.86119  0
9.86328  0
9.86538  0
9.86748  0
9.86958  0
9.87167  0
9.87377  0
9.87587  0
9.87796  0
9.88006  0
9.88216  0
9.88426  0
9.88635  0
9.88845  0
9.89055  0
9.89265  0
9.89474  0
9.89684  0
9.89894  0
9.90103  0
9.90313  0
9.90523  0
9.90733  0
9.90942  0
9.91152  0
9.91362  0
9.91571  0
9.91781  0
9.91991  0
9.92201  0
9.9241  0
9.9262  0
9.9283  0
9.9304  0
9.93249  0
9.93459  0
9.93669  0
9.93878  0
9.94088  0
9.94298  0
9.94508  0
9.94717  0
9.94927  0
9.95137  0
9.95346  0
9.95556  0
9.95766  0
9.95976  0
9.96185  0
9.96395  0
9.96605  0
9.96815  0
9.97024  0
9.97234  0
9.97444  0
9.97653  0
9.97863  0
9.98073  0
9.98283  0
9.98492  0
9.98702  0
9.98912  0
9.99121  0
9.99331  0
9.99541  0
9.99751  0
9.9996  0
10.0017  0
10.0038  0
10.0059  0
10.008  0
10.0101  0
10.0122  0
10.0143  0
10.0164  0
10.0185  0
10.0206  0
10.0227  0
10.0248  0
10.0269  0
10.029  0
10.0311  0
10.0332  0
10.0353  0
10.0374  0
10.0395  0
10.0415  0
10.0436  0
10.0457  0
10.0478  0
10.0499  0
10.052  0
10.0541  0
10.0562  0
10.0583  0
10.0604  0
10.0625  0
10.0646  0
10.0667  0
10.0688  0
10.0709  0
10.073  0
10.0751  0
10.0772  0
10.0793  0
10.0814  0
10.0835  0
10.0856  0
10.0877  0
10.0898  0
10.0919  0
10.094  0
10.0961  0
10.0982  0
10.1003  0
10.1024  0
10.1045  0
10.1066  0
10.1087  0
10.1108  0
10.1129  0
10.115  0
10.117  0
10.1191  0
10.1212  0
10.1233  0
10.1254  0
10.1275  0
10.1296  0
10.1317  0
10.1338  0
10.1359  0
10.138  0
10.1401  0
10.1422  0
10.1443  0
10.1464  0
10.1485  0
10.1506  0
10.1527  0
10.1548  0
10.1569  0
10.159  0
10.1611  0
10.1632  0
10.1653  0
10.1674  0
10.1695  0
10.1716  0
10.1737  0
10.1758  0
10.1779  0
10.18  0
10.1821  0
10.1842  0
10.1863  0
10.1884  0
10.1905  0
10.1925  0
10.1946  0
10.1967  0
10.1988  0
10.2009  0
10.203  0
10.2051  0
10.2072  0
10.2093  0
10.2114  0
10.2135  0
10.2156  0
10.2177  0
10.2198  0
10.2219  0
10.224  0
10.2261  0
10.2282  0
10.2303  0
10.2324  0
10.2345  0
10.2366  0
10.2387  0
10.2408  0
10.2429  0
10.245  0
10.2471  0
10.2492  0
10.2513  0
10.2534  0
10.2555  0
10.2576  0
10.2597  0
10.2618  0
10.2639  0
10.266  0
10.268  0
10.2701  0
10.2722  0
10.2743  0
10.2764  0
10.2785  0
10.2806  0
10.2827  0
10.2848  0
10.2869  0
10.289  0
10.2911  0
10.2932  0
10.2953  0
10.2974  0
10.2995  0
10.3016  0
10.3037  0
10.3058  0
10.3079  0
10.31  0
10.3121  0
10.3142  0
10.3163  0
10.3184  0
10.3205  0
10.3226  0
10.3247  0
10.3268  0
10.3289  0
10.331  0
10.3331  0
10.3352  0
10.3373  0
10.3394  0
10.3415  0
10.3435  0
10.3456  0
10.3477  0
10.3498  0
10.3519  0
10.354  0
10.3561  0
10.3582  0
10.3603  0
10.3624  0
10.3645  0
10.3666  0
10.3687  0
10.3708  0
10.3729  0
10.375  0
10.3771  0
10.3792  0
10.3813  0
10.3834  0
10.3855  0
10.3876  0
10.3897  0
10.3918  0
10.3939  0
10.396  0
10.3981  0
10.4002  0
10.4023  0
10.4044  0
10.4065  0
10.4086  0
10.4107  0
10.4128  0
10.4149  0
10.417  0
10.4191  0
10.4211  0
10.4232  0
10.4253  0
10.4274  0
10.4295  0
10.4316  0
10.4337  0
10.4358  0
10.4379  0
10.44  0
10.4421  0
10.4442  0
10.4463  0
10.4484  0
10.4505  0
10.4526  0
10.4547  0
10.4568  0
10.4589  0
10.461  0
10.4631  0
10.4652  0
10.4673  0
10.4694  0
10.4715  0
10.4736  0
10.4757  0
10.4778  0
10.4799  0
10.482  0
10.4841  0
10.4862  0
10.4883  0
10.4904  0
10.4925  0
10.4946  0
10.4966  0
10.4987  0
10.5008  0
10.5029  0
10.505  0
10.5071  0
10.5092  0
10.5113  0
10.5134  0
10.5155  0
10.5176  0
10.5197  0
10.5218  0
10.5239  0
10.526  0
10.5281  0
10.5302  0
10.5323  0
10.5344  0
10.5365  0
10.5386  0
10.5407  0
10.5428  0
10.5449  0
10.547  0
10.5491  0
10.5512  0
10.5533  0
10.5554  0
10.5575  0
10.5596  0
10.5617  0
10.5638  0
10.5659  0
10.568  0
10.5701  0
10.5721  0
10.5742  0
10.5763  0
10.5784  0
10.5805  0
10.5826  0
10.5847  0
10.5868  0
10.5889  0
10.591  0
10.5931  0
10.5952  0
10.5973  0
10.5994  0
10.6015  0
10.6036  0
10.6057  0
10.6078  0
10.6099  0
10.612  0
10.6141  0
10.6162  0
10.6183  0
10.6204  0
10.6225  0
10.6246  0
10.6267  0
10.6288  0
10.6309  0
10.633  0
10.6351  0
10.6372  0
10.6393  0
10.6414  0
10.6435  0
10.6456  0
10.6476  0
10.6497  0
10.6518  0
10.6539  0
10.656  0
10.6581  0
10.6602  0
10.6623  0
10.6644  0
10.6665  0
10.6686  0
10.6707  0
10.6728  0
10.6749  0
10.677  0
10.6791  0
10.6812  0
10.6833  0
10.6854  0
10.6875  0
10.6896  0
10.6917  0
10.6938  0
10.6959  0
10.698  0
10.7001  0
10.7022  0
10.7043  0
10.7064  0
10.7085  0
10.7106  0
10.7127  0
10.7148  0
10.7169  0
10.719  0
10.7211  0
10.7231  0
10.7252  0
10.7273  0
10.7294  0
10.7315  0
10.7336  0
10.7357  0
10.7378  0
10.7399  0
10.742  0
10.7441  0
10.7462  0
10.7483  0
10.7504  0
10.7525  0
10.7546  0
10.7567  0
10.7588  0
10.7609  0
10.763  0
10.7651  0
10.7672  0
10.7693  0
10.7714  0
10.7735  0
10.7756  0
10.7777  0
10.7798  0
10.7819  0
10.784  0
10.7861  0
10.7882  0
10.7903  0
10.7924  0
10.7945  0
10.7966  0
10.7986  0
10.8007  0
10.8028  0
10.8049  0
10.807  0
10.8091  0
10.8112  0
10.8133  0
10.8154  0
10.8175  0
10.8196  0
10.8217  0
10.8238  0
10.8259  0
10.828  0
10.8301  0
10.8322  0
10.8343  0
10.8364  0
10.8385  0
10.8406  0
10.8427  0
10.8448  0
10.8469  0
10.849  0
10.8511  0
10.8532  0
10.8553  0
10.8574  0
10.8595  0
10.8616  0
10.8637  0
10.8658  0
10.8679  0
10.87  0
10.8721  0
10.8741  0
10.8762  0
10.8783  0
10.8804  0
10.8825  0
10.8846  0
10.8867  0
10.8888  0
10.8909  0
10.893  0
10.8951  0
10.8972  0
10.8993  0
10.9014  0
10.9035  0
10.9056  0
10.9077  0
10.9098  0
10.9119  0
10.914  0
10.9161  0
10.9182  0
10.9203  0
10.9224  0
10.9245  0
10.9266  0
10.9287  0
10.9308  0
10.9329  0
10.935  0
10.9371  0
10.9392  0
10.9413  0
10.9434  0
10.9455  0
10.9476  0
10.9497  0
10.9517  0
10.9538  0
10.9559  0
10.958  0
10.9601  0
10.9622  0
10.9643  0
10.9664  0
10.9685  0
10.9706  0
10.9727  0
10.9748  0
10.9769  0
10.979  0
10.9811  0
10.9832  0
10.9853  0
10.9874  0
10.9895  0
10.9916  0
10.9937  0
10.9958  0
10.9979  0
11  0
11.0021  0
11.0042  0
11.0063  0
11.0084  0
11.0105  0
11.0126  0
11.0147  0
11.0168  0
11.0189  0
11.021  0
11.0231  0
11.0252  0
11.0272  0
11.0293  0
11.0314  0
11.0335  0
11.0356  0
11.0377  0
11.0398  0
11.0419  0
11.044  0
11.0461  0
11.0482  0
11.0503  0
11.0524  0
11.0545  0
11.0566  0
11.0587  0
11.0608  0
11.0629  0
11.065  0
11.0671  0
11.0692  0
11.0713  0
11.0734  0
11.0755  0
11.0776  0
11.0797  0
11.0818  0
11.0839  0
11.086  0
11.0881  0
11.0902  0
11.0923  0
11.0944  0
11.0965  0
11.0986  0
11.1007  0
11.1027  0
11.1048  0
11.1069  0
11.109  0
11.1111  0
11.1132  0
11.1153  0
11.1174  0
11.1195  0
11.1216  0
11.1237  0
11.1258  0
11.1279  0
11.13  0
11.1321  0
11.1342  0
11.1363  0
11.1384  0
11.1405  0
11.1426  0
11.1447  0
11.1468  0
11.1489  0
11.151  0
11.1531  0
11.1552  0
11.1573  0
11.1594  0
11.1615  0
11.1636  0
11.1657  0
11.1678  0
11.1699  0
11.172  0
11.1741  0
11.1762  0
11.1782  0
11.1803  0
11.1824  0
11.1845  0
11.1866  0
11.1887  0
11.1908  0
11.1929  0
11.195  0
11.1971  0
11.1992  0
11.2013  0
11.2034  0
11.2055  0
11.2076  0
11.2097  0
11.2118  0
11.2139  0
11.216  0
11.2181  0
11.2202  0
11.2223  0
11.2244  0
11.2265  0
11.2286  0
11.2307  0
11.2328  0
11.2349  0
11.237  0
11.2391  0
11.2412  0
11.2433  0
11.2454  0
11.2475  0
11.2496  0
11.2517  0
11.2537  0
11.2558  0
11.2579  0
11.26  0
11.2621  0
11.2642  0
11.2663  0
11.2684  0
11.2705  0
11.2726  0
11.2747  0
11.2768  0
11.2789  0
11.281  0
11.2831  0
11.2852  0
11.2873  0
11.2894  0
11.2915  0
11.2936  0
11.2957  0
11.2978  0
11.2999  0
11.302  0
11.3041  0
11.3062  0
11.3083  0
11.3104  0
11.3125  0
11.3146  0
11.3167  0
11.3188  0
11.3209  0
11.323  0
11.3251  0
11.3272  0
11.3292  0
11.3313  0
11.3334  0
11.3355  0
11.3376  0
11.3397  0
11.3418  0
11.3439  0
11.346  0
11.3481  0
11.3502  0
11.3523  0
11.3544  0
11.3565  0
11.3586  0
11.3607  0
11.3628  0
11.3649  0
11.367  0
11.3691  0
11.3712  0
11.3733  0
11.3754  0
11.3775  0
11.3796  0
11.3817  0
11.3838  0
11.3859  0
11.388  0
11.3901  0
11.3922  0
11.3943  0
11.3964  0
11.3985  0
11.4006  0
11.4027  0
11.4047  0
11.4068  0
11.4089  0
11.411  0
11.4131  0
11.4152  0
11.4173  0
11.4194  0
11.4215  0
11.4236  0
11.4257  0
11.4278  0
11.4299  0
11.432  0
11.4341  0
11.4362  0
11.4383  0
11.4404  0
11.4425  0
11.4446  0
11.4467  0
11.4488  0
11.4509  0
11.453  0
11.4551  0
11.4572  0
11.4593  0
11.4614  0
11.4635  0
11.4656  0
11.4677  0
11.4698  0
11.4719  0
11.474  0
11.4761  0
11.4782  0
11.4802  0
11.4823  0
11.4844  0
11.4865  0
11.4886  0
11.4907  0
11.4928  0
11.4949  0
11.497  0
11.4991  0
11.5012  0
11.5033  0
11.5054  0
11.5075  0
11.5096  0
11.5117  0
11.5138  0
11.5159  0
11.518  0
11.5201  0
11.5222  0
11.5243  0
11.5264  0
11.5285  0
11.5306  0
11.5327  0
11.5348  0
11.5369  0
11.539  0
11.5411  0
11.5432  0
11.5453  0
11.5474  0
11.5495  0
11.5516  0
11.5537  0
11.5558  0
11.5578  0
11.5599  0
11.562  0
11.5641  0
11.5662  0
11.5683  0
11.5704  0
11.5725  0
11.5746  0
11.5767  0
11.5788  0
11.5809  0
11.583  0
11.5851  0
11.5872  0
11.5893  0
11.5914  0
11.5935  0
11.5956  0
11.5977  0
11.5998  0
11.6019  0
11.604  0
11.6061  0
11.6082  0
11.6103  0
11.6124  0
11.6145  0
11.6166  0
11.6187  0
11.6208  0
11.6229  0
11.625  0
11.6271  0
11.6292  0
11.6313  0
11.6333  0
11.6354  0
11.6375  0
11.6396  0
11.6417  0
11.6438  0
11.6459  0
11.648  0
11.6501  0
11.6522  0
11.6543  0
11.6564  0
11.6585  0
11.6606  0
11.6627  0
11.6648  0
11.6669  0
11.669  0
11.6711  0
11.6732  0
11.6753  0
11.6774  0
11.6795  0
11.6816  0
11.6837  0
11.6858  0
11.6879  0
11.69  0
11.6921  0
11.6942  0
11.6963  0
11.6984  0
11.7005  0
11.7026  0
11.7047  0
11.7068  0
11.7088  0
11.7109  0
11.713  0
11.7151  0
11.7172  0
11.7193  0
11.7214  0
11.7235  0
11.7256  0
11.7277  0
11.7298  0
11.7319  0
11.734  0
11.7361  0
11.7382  0
11.7403  0
11.7424  0
11.7445  0
11.7466  0
11.7487  0
11.7508  0
11.7529  0
11.755  0
11.7571  0
11.7592  0
11.7613  0
11.7634  0
11.7655  0
11.7676  0
11.7697  0
11.7718  0
11.7739  0
11.776  0
11.7781  0
11.7802  0
11.7823  0
11.7843  0
11.7864  0
11.7885  0
11.7906  0
11.7927  0
11.7948  0
11.7969  0
11.799  0
11.8011  0
11.8032  0
11.8053  0
11.8074  0
11.8095  0
11.8116  0
11.8137  0
11.8158  0
11.8179  0
11.82  0
11.8221  0
11.8242  0
11.8263  0
11.8284  0
11.8305  0
11.8326  0
11.8347  0
11.8368  0
11.8389  0
11.841  0
11.8431  0
11.8452  0
11.8473  0
11.8494  0
11.8515  0
11.8536  0
11.8557  0
11.8578  0
11.8598  0
11.8619  0
11.864  0
11.8661  0
11.8682  0
11.8703  0
11.8724  0
11.8745  0
11.8766  0
11.8787  0
11.8808  0
11.8829  0
11.885  0
11.8871  0
11.8892  0
11.8913  0
11.8934  0
11.8955  0
11.8976  0
11.8997  0
11.9018  0
11.9039  0
11.906  0
11.9081  0
11.9102  0
11.9123  0
11.9144  0
11.9165  0
11.9186  0
11.9207  0
11.9228  0
11.9249  0
11.927  0
11.9291  0
11.9312  0
11.9333  0
11.9353  0
11.9374  0
11.9395  0
11.9416  0
11.9437  0
11.9458  0
11.9479  0
11.95  0
11.9521  0
11.9542  0
11.9563  0
11.9584  0
11.9605  0
11.9626  0
11.9647  0
11.9668  0
11.9689  0
11.971  0
11.9731  0
11.9752  0
11.9773  0
11.9794  0
11.9815  0
11.9836  0
11.9857  0
11.9878  0
11.9899  0
11.992  0
11.9941  0
11.9962  0
11.9983  0
12.0004  0
12.0025  0
12.0046  0
12.0067  0
12.0088  0
12.0108  0
12.0129  0
12.015  0
12.0171  0
12.0192  0
12.0213  0
12.0234  0
12.0255  0
12.0276  0
12.0297  0
12.0318  0
12.0339  0
12.036  0
12.0381  0
12.0402  0
12.0423  0
12.0444  0
12.0465  0
12.0486  0
12.0507  0
12.0528  0
12.0549  0
12.057  0
12.0591  0
12.0612  0
12.0633  0
12.0654  0
12.0675  0
12.0696  0
12.0717  0
12.0738  0
12.0759  0
12.078  0
12.0801  0
12.0822  0
12.0843  0
12.0864  0
12.0884  0
12.0905  0
12.0926  0
12.0947  0
12.0968  0
12.0989  0
12.101  0
12.1031  0
12.1052  0
12.1073  0
12.1094  0
12.1115  0
12.1136  0
12.1157  0
12.1178  0
12.1199  0
12.122  0
12.1241  0
12.1262  0
12.1283  0
12.1304  0
12.1325  0
12.1346  0
12.1367  0
12.1388  0
12.1409  0
12.143  0
12.1451  0
12.1472  0
12.1493  0
12.1514  0
12.1535  0
12.1556  0
12.1577  0
12.1598  0
12.1619  0
12.1639  0
12.166  0
12.1681  0
12.1702  0
12.1723  0
12.1744  0
12.1765  0
12.1786  0
12.1807  0
12.1828  0
12.1849  0
12.187  0
12.1891  0
12.1912  0
12.1933  0
12.1954  0
12.1975  0
12.1996  0
12.2017  0
12.2038  0
12.2059  0
12.208  0
12.2101  0
12.2122  0
12.2143  0
12.2164  0
12.2185  0
12.2206  0
12.2227  0
12.2248  0
12.2269  0
12.229  0
12.2311  0
12.2332  0
12.2353  0
12.2374  0
12.2394  0
12.2415  0
12.2436  0
12.2457  0
12.2478  0
12.2499  0
12.252  0
12.2541  0
12.2562  0
12.2583  0
12.2604  0
12.2625  0
12.2646  0
12.2667  0
12.2688  0
12.2709  0
12.273  0
12.2751  0
12.2772  0
12.2793  0
12.2814  0
12.2835  0
12.2856  0
12.2877  0
12.2898  0
12.2919  0
12.294  0
12.2961  0
12.2982  0
12.3003  0
12.3024  0
12.3045  0
12.3066  0
12.3087  0
12.3108  0
12.3129  0
12.3149  0
12.317  0
12.3191  0
12.3212  0
12.3233  0
12.3254  0
12.3275  0
12.3296  0
12.3317  0
12.3338  0
12.3359  0
12.338  0
12.3401  0
12.3422  0
12.3443  0
12.3464  0
12.3485  0
12.3506  0
12.3527  0
12.3548  0
12.3569  0
12.359  0
12.3611  0
12.3632  0
12.3653  0
12.3674  0
12.3695  0
12.3716  0
12.3737  0
12.3758  0
12.3779  0
12.38  0
12.3821  0
12.3842  0
12.3863  0
12.3884  0
12.3904  0
12.3925  0
12.3946  0
12.3967  0
12.3988  0
12.4009  0
12.403  0
12.4051  0
12.4072  0
12.4093  0
12.4114  0
12.4135  0
12.4156  0
12.4177  0
12.4198  0
12.4219  0
12.424  0
12.4261  0
12.4282  0
12.4303  0
12.4324  0
12.4345  0
12.4366  0
12.4387  0
12.4408  0
12.4429  0
12.445  0
12.4471  0
12.4492  0
12.4513  0
12.4534  0
12.4555  0
12.4576  0
12.4597  0
12.4618  0
12.4639  0
12.4659  0
12.468  0
12.4701  0
12.4722  0
12.4743  0
12.4764  0
12.4785  0
12.4806  0
12.4827  0
12.4848  0
12.4869  0
12.489  0
12.4911  0
12.4932  0
12.4953  0
12.4974  0
12.4995  0
12.5016  0
12.5037  0
12.5058  0
12.5079  0
12.51  0
12.5121  0
12.5142  0
12.5163  0
12.5184  0
12.5205  0
12.5226  0
12.5247  0
12.5268  0
12.5289  0
12.531  0
12.5331  0
12.5352  0
12.5373  0
12.5394  0
12.5414  0
12.5435  0
12.5456  0
12.5477  0
12.5498  0
12.5519  0
12.554  0
12.5561  0
12.5582  0
12.5603  0
12.5624  0
12.5645  0
12.5666  0
12.5687  0
12.5708  0
12.5729  0
12.575  0
12.5771  0
12.5792  0
12.5813  0
12.5834  0
12.5855  0
12.5876  0
12.5897  0
12.5918  0
12.5939  0
12.596  0
12.5981  0
12.6002  0
12.6023  0
12.6044  0
12.6065  0
12.6086  0
12.6107  0
12.6128  0
12.6149  0
12.6169  0
12.619  0
12.6211  0
12.6232  0
12.6253  0
12.6274  0
12.6295  0
12.6316  0
12.6337  0
12.6358  0
12.6379  0
12.64  0
12.6421  0
12.6442  0
12.6463  0
12.6484  0
12.6505  0
12.6526  0
12.6547  0
12.6568  0
12.6589  0
12.661  0
12.6631  0
12.6652  0
12.6673  0
12.6694  0
12.6715  0
12.6736  0
12.6757  0
12.6778  0
12.6799  0
12.682  0
12.6841  0
12.6862  0
12.6883  0
12.6904  0
12.6925  0
12.6945  0
12.6966  0
12.6987  0
12.7008  0
12.7029  0
12.705  0
12.7071  0
12.7092  0
12.7113  0
12.7134  0
12.7155  0
12.7176  0
12.7197  0
12.7218  0
12.7239  0
12.726  0
12.7281  0
12.7302  0
12.7323  0
12.7344  0
12.7365  0
12.7386  0
12.7407  0
12.7428  0
12.7449  0
12.747  0
12.7491  0
12.7512  0
12.7533  0
12.7554  0
12.7575  0
12.7596  0
12.7617  0
12.7638  0
12.7659  0
12.768  0
12.77  0
12.7721  0
12.7742  0
12.7763  0
12.7784  0
12.7805  0
12.7826  0
12.7847  0
12.7868  0
12.7889  0
12.791  0
12.7931  0
12.7952  0
12.7973  0
12.7994  0
12.8015  0
12.8036  0
12.8057  0
12.8078  0
12.8099  0
12.812  0
12.8141  0
12.8162  0
12.8183  0
12.8204  0
12.8225  0
12.8246  0
12.8267  0
12.8288  0
12.8309  0
12.833  0
12.8351  0
12.8372  0
12.8393  0
12.8414  0
12.8435  0
12.8455  0
12.8476  0
12.8497  0
12.8518  0
12.8539  0
12.856  0
12.8581  0
12.8602  0
12.8623  0
12.8644  0
12.8665  0
12.8686  0
12.8707  0
12.8728  0
12.8749  0
12.877  0
12.8791  0
12.8812  0
12.8833  0
12.8854  0
12.8875  0
12.8896  0
12.8917  0
12.8938  0
12.8959  0
12.898  0
12.9001  0
12.9022  0
12.9043  0
12.9064  0
12.9085  0
12.9106  0
12.9127  0
12.9148  0
12.9169  0
12.919  0
12.921  0
12.9231  0
12.9252  0
12.9273  0
12.9294  0
12.9315  0
12.9336  0
12.9357  0
12.9378  0
12.9399  0
12.942  0
12.9441  0
12.9462  0
12.9483  0
12.9504  0
12.9525  0
12.9546  0
12.9567  0
12.9588  0
12.9609  0
12.963  0
12.9651  0
12.9672  0
12.9693  0
12.9714  0
12.9735  0
12.9756  0
12.9777  0
12.9798  0
12.9819  0
12.984  0
12.9861  0
12.9882  0
12.9903  0
12.9924  0
12.9945  0
12.9965  0
12.9986  0
13.0007  0
13.0028  0
13.0049  0
13.007  0
13.0091  0
13.0112  0
13.0133  0
13.0154  0
13.0175  0
13.0196  0
13.0217  0
13.0238  0
13.0259  0
13.028  0
13.0301  0
13.0322  0
13.0343  0
13.0364  0
13.0385  0
13.0406  0
13.0427  0
13.0448  0
13.0469  0
13.049  0
13.0511  0
13.0532  0
13.0553  0
13.0574  0
13.0595  0
13.0616  0
13.0637  0
13.0658  0
13.0679  0
13.07  0
13.072  0
13.0741  0
13.0762  0
13.0783  0
13.0804  0
13.0825  0
13.0846  0
13.0867  0
13.0888  0
13.0909  0
13.093  0
13.0951  0
13.0972  0
13.0993  0
13.1014  0
13.1035  0
13.1056  0
13.1077  0
13.1098  0
13.1119  0
13.114  0
13.1161  0
13.1182  0
13.1203  0
13.1224  0
13.1245  0
13.1266  0
13.1287  0
13.1308  0
13.1329  0
13.135  0
13.1371  0
13.1392  0
13.1413  0
13.1434  0
13.1455  0
13.1475  0
13.1496  0
13.1517  0
13.1538  0
13.1559  0
13.158  0
13.1601  0
13.1622  0
13.1643  0
13.1664  0
13.1685  0
13.1706  0
13.1727  0
13.1748  0
13.1769  0
13.179  0
13.1811  0
13.1832  0
13.1853  0
13.1874  0
13.1895  0
13.1916  0
13.1937  0
13.1958  0
13.1979  0
13.2  0
13.2021  0
13.2042  0
13.2063  0
13.2084  0
13.2105  0
13.2126  0
13.2147  0
13.2168  0
13.2189  0
13.221  0
13.2231  0
13.2251  0
13.2272  0
13.2293  0
13.2314  0
13.2335  0
13.2356  0
13.2377  0
13.2398  0
13.2419  0
13.244  0
13.2461  0
13.2482  0
13.2503  0
13.2524  0
13.2545  0
13.2566  0
13.2587  0
13.2608  0
13.2629  0
13.265  0
13.2671  0
13.2692  0
13.2713  0
13.2734  0
13.2755  0
13.2776  0
13.2797  0
13.2818  0
13.2839  0
13.286  0
13.2881  0
13.2902  0
13.2923  0
13.2944  0
13.2965  0
13.2986  0
13.3006  0
13.3027  0
13.3048  0
13.3069  0
13.309  0
13.3111  0
13.3132  0
13.3153  0
13.3174  0
13.3195  0
13.3216  0
13.3237  0
13.3258  0
13.3279  0
13.33  0
13.3321  0
13.3342  0
13.3363  0
13.3384  0
13.3405  0
13.3426  0
13.3447  0
13.3468  0
13.3489  0
13.351  0
13.3531  0
13.3552  0
13.3573  0
13.3594  0
13.3615  0
13.3636  0
13.3657  0
13.3678  0
13.3699  0
13.372  0
13.3741  0
13.3761  0
13.3782  0
13.3803  0
13.3824  0
13.3845  0
13.3866  0
13.3887  0
13.3908  0
13.3929  0
13.395  0
13.3971  0
13.3992  0
13.4013  0
13.4034  0
13.4055  0
13.4076  0
13.4097  0
13.4118  0
13.4139  0
13.416  0
13.4181  0
13.4202  0
13.4223  0
13.4244  0
13.4265  0
13.4286  0
13.4307  0
13.4328  0
13.4349  0
13.437  0
13.4391  0
13.4412  0
13.4433  0
13.4454  0
13.4475  0
13.4496  0
13.4516  0
13.4537  0
13.4558  0
13.4579  0
13.46  0
13.4621  0
13.4642  0
13.4663  0
13.4684  0
13.4705  0
13.4726  0
13.4747  0
13.4768  0
13.4789  0
13.481  0
13.4831  0
13.4852  0
13.4873  0
13.4894  0
13.4915  0
13.4936  0
13.4957  0
13.4978  0
13.4999  0
13.502  0
13.5041  0
13.5062  0
13.5083  0
13.5104  0
13.5125  0
13.5146  0
13.5167  0
13.5188  0
13.5209  0
13.523  0
13.5251  0
13.5271  0
13.5292  0
13.5313  0
13.5334  0
13.5355  0
13.5376  0
13.5397  0
13.5418  0
13.5439  0
13.546  0
13.5481  0
13.5502  0
13.5523  0
13.5544  0
13.5565  0
13.5586  0
13.5607  0
13.5628  0
13.5649  0
13.567  0
13.5691  0
13.5712  0
13.5733  0
13.5754  0
13.5775  0
13.5796  0
13.5817  0
13.5838  0
13.5859  0
13.588  0
13.5901  0
13.5922  0
13.5943  0
13.5964  0
13.5985  0
13.6006  0
13.6026  0
13.6047  0
13.6068  0
13.6089  0
13.611  0
13.6131  0
13.6152  0
13.6173  0
13.6194  0
13.6215  0
13.6236  0
13.6257  0
13.6278  0
13.6299  0
13.632  0
13.6341  0
13.6362  0
13.6383  0
13.6404  0
13.6425  0
13.6446  0
13.6467  0
13.6488  0
13.6509  0
13.653  0
13.6551  0
13.6572  0
13.6593  0
13.6614  0
13.6635  0
13.6656  0
13.6677  0
13.6698  0
13.6719  0
13.674  0
13.6761  0
13.6781  0
13.6802  0
13.6823  0
13.6844  0
13.6865  0
13.6886  0
13.6907  0
13.6928  0
13.6949  0
13.697  0
13.6991  0
13.7012  0
13.7033  0
13.7054  0
13.7075  0
13.7096  0
13.7117  0
13.7138  0
13.7159  0
13.718  0
13.7201  0
13.7222  0
13.7243  0
13.7264  0
13.7285  0
13.7306  0
13.7327  0
13.7348  0
13.7369  0
13.739  0
13.7411  0
13.7432  0
13.7453  0
13.7474  0
13.7495  0
13.7516  0
13.7536  0
13.7557  0
13.7578  0
13.7599  0
13.762  0
13.7641  0
13.7662  0
13.7683  0
13.7704  0
13.7725  0
13.7746  0
13.7767  0
13.7788  0
13.7809  0
13.783  0
13.7851  0
13.7872  0
13.7893  0
13.7914  0
13.7935  0
13.7956  0
13.7977  0
13.7998  0
13.8019  0
13.804  0
13.8061  0
13.8082  0
13.8103  0
13.8124  0
13.8145  0
13.8166  0
13.8187  0
13.8208  0
13.8229  0
13.825  0
13.8271  0
13.8292  0
13.8312  0
13.8333  0
13.8354  0
13.8375  0
13.8396  0
13.8417  0
13.8438  0
13.8459  0
13.848  0
13.8501  0
13.8522  0
13.8543  0
13.8564  0
13.8585  0
13.8606  0
13.8627  0
13.8648  0
13.8669  0
13.869  0
13.8711  0
13.8732  0
13.8753  0
13.8774  0
13.8795  0
13.8816  0
13.8837  0
13.8858  0
13.8879  0
13.89  0
13.8921  0
13.8942  0
13.8963  0
13.8984  0
13.9005  0
13.9026  0
13.9047  0
13.9067  0
13.9088  0
13.9109  0
13.913  0
13.9151  0
13.9172  0
13.9193  0
13.9214  0
13.9235  0
13.9256  0
13.9277  0
13.9298  0
13.9319  0
13.934  0
13.9361  0
13.9382  0
13.9403  0
13.9424  0
13.9445  0
13.9466  0
13.9487  0
13.9508  0
13.9529  0
13.955  0
13.9571  0
13.9592  0
13.9613  0
13.9634  0
13.9655  0
13.9676  0
13.9697  0
13.9718  0
13.9739  0
13.976  0
13.9781  0
13.9802  0
13.9822  0
13.9843  0
13.9864  0
13.9885  0
13.9906  0
13.9927  0
13.9948  0
13.9969  0
13.999  0
14.0011  0
14.0032  0
14.0053  0
14.0074  0
14.0095  0
14.0116  0
14.0137  0
14.0158  0
14.0179  0
14.02  0
14.0221  0
14.0242  0
14.0263  0
14.0284  0
14.0305  0
14.0326  0
14.0347  0
14.0368  0
14.0389  0
14.041  0
14.0431  0
14.0452  0
14.0473  0
14.0494  0
14.0515  0
14.0536  0
14.0557  0
14.0577  0
14.0598  0
14.0619  0
14.064  0
14.0661  0
14.0682  0
14.0703  0
14.0724  0
14.0745  0
14.0766  0
14.0787  0
14.0808  0
14.0829  0
14.085  0
14.0871  0
14.0892  0
14.0913  0
14.0934  0
14.0955  0
14.0976  0
14.0997  0
14.1018  0
14.1039  0
14.106  0
14.1081  0
14.1102  0
14.1123  0
14.1144  0
14.1165  0
14.1186  0
14.1207  0
14.1228  0
14.1249  0
14.127  0
14.1291  0
14.1312  0
14.1332  0
14.1353  0
14.1374  0
14.1395  0
14.1416  0
14.1437  0
14.1458  0
14.1479  0
14.15  0
14.1521  0
14.1542  0
14.1563  0
14.1584  0
14.1605  0
14.1626  0
14.1647  0
14.1668  0
14.1689  0
14.171  0
14.1731  0
14.1752  0
14.1773  0
14.1794  0
14.1815  0
14.1836  0
14.1857  0
14.1878  0
14.1899  0
14.192  0
14.1941  0
14.1962  0
14.1983  0
14.2004  0
14.2025  0
14.2046  0
14.2067  0
14.2087  0
14.2108  0
14.2129  0
14.215  0
14.2171  0
14.2192  0
14.2213  0
14.2234  0
14.2255  0
14.2276  0
14.2297  0
14.2318  0
14.2339  0
14.236  0
14.2381  0
14.2402  0
14.2423  0
14.2444  0
14.2465  0
14.2486  0
14.2507  0
14.2528  0
14.2549  0
14.257  0
14.2591  0
14.2612  0
14.2633  0
14.2654  0
14.2675  0
14.2696  0
14.2717  0
14.2738  0
14.2759  0
14.278  0
14.2801  0
14.2822  0
14.2842  0
14.2863  0
14.2884  0
14.2905  0
14.2926  0
14.2947  0
14.2968  0
14.2989  0
14.301  0
14.3031  0
14.3052  0
14.3073  0
14.3094  0
14.3115  0
14.3136  0
14.3157  0
14.3178  0
14.3199  0
14.322  0
14.3241  0
14.3262  0
14.3283  0
14.3304  0
14.3325  0
14.3346  0
14.3367  0
14.3388  0
14.3409  0
14.343  0
14.3451  0
14.3472  0
14.3493  0
14.3514  0
14.3535  0
14.3556  0
14.3577  0
14.3597  0
14.3618  0
14.3639  0
14.366  0
14.3681  0
14.3702  0
14.3723  0
14.3744  0
14.3765  0
14.3786  0
14.3807  0
14.3828  0
14.3849  0
14.387  0
14.3891  0
14.3912  0
14.3933  0
14.3954  0
14.3975  0
14.3996  0
14.4017  0
14.4038  0
14.4059  0
14.408  0
14.4101  0
14.4122  0
14.4143  0
14.4164  0
14.4185  0
14.4206  0
14.4227  0
14.4248  0
14.4269  0
14.429  0
14.4311  0
14.4332  0
14.4353  0
14.4373  0
14.4394  0
14.4415  0
14.4436  0
14.4457  0
14.4478  0
14.4499  0
14.452  0
14.4541  0
14.4562  0
14.4583  0
14.4604  0
14.4625  0
14.4646  0
14.4667  0
14.4688  0
14.4709  0
14.473  0
14.4751  0
14.4772  0
14.4793  0
14.4814  0
14.4835  0
14.4856  0
14.4877  0
14.4898  0
14.4919  0
14.494  0
14.4961  0
14.4982  0
14.5003  0
14.5024  0
14.5045  0
14.5066  0
14.5087  0
14.5108  0
14.5128  0
14.5149  0
14.517  0
14.5191  0
14.5212  0
14.5233  0
14.5254  0
14.5275  0
14.5296  0
14.5317  0
14.5338  0
14.5359  0
14.538  0
14.5401  0
14.5422  0
14.5443  0
14.5464  0
14.5485  0
14.5506  0
14.5527  0
14.5548  0
14.5569  0
14.559  0
14.5611  0
14.5632  0
14.5653  0
14.5674  0
14.5695  0
14.5716  0
14.5737  0
14.5758  0
14.5779  0
14.58  0
14.5821  0
14.5842  0
14.5863  0
14.5883  0
14.5904  0
14.5925  0
14.5946  0
14.5967  0
14.5988  0
14.6009  0
14.603  0
14.6051  0
14.6072  0
14.6093  0
14.6114  0
14.6135  0
14.6156  0
14.6177  0
14.6198  0
14.6219  0
14.624  0
14.6261  0
14.6282  0
14.6303  0
14.6324  0
14.6345  0
14.6366  0
14.6387  0
14.6408  0
14.6429  0
14.645  0
14.6471  0
14.6492  0
14.6513  0
14.6534  0
14.6555  0
14.6576  0
14.6597  0
14.6618  0
14.6638  0
14.6659  0
14.668  0
14.6701  0
14.6722  0
14.6743  0
14.6764  0
14.6785  0
14.6806  0
14.6827  0
14.6848  0
14.6869  0
14.689  0
14.6911  0
14.6932  0
14.6953  0
14.6974  0
14.6995  0
14.7016  0
14.7037  0
14.7058  0
14.7079  0
14.71  0
14.7121  0
14.7142  0
14.7163  0
14.7184  0
14.7205  0
14.7226  0
14.7247  0
14.7268  0
14.7289  0
14.731  0
14.7331  0
14.7352  0
14.7373  0
14.7393  0
14.7414  0
14.7435  0
14.7456  0
14.7477  0
14.7498  0
14.7519  0
14.754  0
14.7561  0
14.7582  0
14.7603  0
14.7624  0
14.7645  0
14.7666  0
14.7687  0
14.7708  0
14.7729  0
14.775  0
14.7771  0
14.7792  0
14.7813  0
14.7834  0
14.7855  0
14.7876  0
14.7897  0
14.7918  0
14.7939  0
14.796  0
14.7981  0
14.8002  0
14.8023  0
14.8044  0
14.8065  0
14.8086  0
14.8107  0
14.8128  0
14.8148  0
14.8169  0
14.819  0
14.8211  0
14.8232  0
14.8253  0
14.8274  0
14.8295  0
14.8316  0
14.8337  0
14.8358  0
14.8379  0
14.84  0
14.8421  0
14.8442  0
14.8463  0
14.8484  0
14.8505  0
14.8526  0
14.8547  0
14.8568  0
14.8589  0
14.861  0
14.8631  0
14.8652  0
14.8673  0
14.8694  0
14.8715  0
14.8736  0
14.8757  0
14.8778  0
14.8799  0
14.882  0
14.8841  0
14.8862  0
14.8883  0
14.8903  0
14.8924  0
14.8945  0
14.8966  0
14.8987  0
14.9008  0
14.9029  0
14.905  0
14.9071  0
14.9092  0
14.9113  0
14.9134  0
14.9155  0
14.9176  0
14.9197  0
14.9218  0
14.9239  0
14.926  0
14.9281  0
14.9302  0
14.9323  0
14.9344  0
14.9365  0
14.9386  0
14.9407  0
14.9428  0
14.9449  0
14.947  0
14.9491  0
14.9512  0
14.9533  0
14.9554  0
14.9575  0
14.9596  0
14.9617  0
14.9638  0
14.9659  0
14.9679  0
14.97  0
14.9721  0
14.9742  0
14.9763  0
14.9784  0
14.9805  0
14.9826  0
14.9847  0
14.9868  0
14.9889  0
14.991  0
14.9931  0
14.9952  0
14.9973  0
14.9994  0
15.0015  0
15.0036  0
15.0057  0
15.0078  0
15.0099  0
15.012  0
15.0141  0
15.0162  0
15.0183  0
15.0204  0
15.0225  0
15.0246  0
15.0267  0
15.0288  0
15.0309  0
15.033  0
15.0351  0
15.0372  0
15.0393  0
15.0414  0
15.0434  0
15.0455  0
15.0476  0
15.0497  0
15.0518  0
15.0539  0
15.056  0
15.0581  0
15.0602  0
15.0623  0
15.0644  0
15.0665  0
15.0686  0
15.0707  0
15.0728  0
15.0749  0
15.077  0
15.0791  0
15.0812  0
15.0833  0
15.0854  0
15.0875  0
15.0896  0
15.0917  0
15.0938  0
15.0959  0
15.098  0
15.1001  0
15.1022  0
15.1043  0
15.1064  0
15.1085  0
15.1106  0
15.1127  0
15.1148  0
15.1169  0
15.1189  0
15.121  0
15.1231  0
15.1252  0
15.1273  0
15.1294  0
15.1315  0
15.1336  0
15.1357  0
15.1378  0
15.1399  0
15.142  0
15.1441  0
15.1462  0
15.1483  0
15.1504  0
15.1525  0
15.1546  0
15.1567  0
15.1588  0
15.1609  0
15.163  0
15.1651  0
15.1672  0
15.1693  0
15.1714  0
15.1735  0
15.1756  0
15.1777  0
15.1798  0
15.1819  0
15.184  0
15.1861  0
15.1882  0
15.1903  0
15.1924  0
15.1944  0
15.1965  0
15.1986  0
15.2007  0
15.2028  0
15.2049  0
15.207  0
15.2091  0
15.2112  0
15.2133  0
15.2154  0
15.2175  0
15.2196  0
15.2217  0
15.2238  0
15.2259  0
15.228  0
15.2301  0
15.2322  0
15.2343  0
15.2364  0
15.2385  0
15.2406  0
15.2427  0
15.2448  0
15.2469  0
15.249  0
15.2511  0
15.2532  0
15.2553  0
15.2574  0
15.2595  0
15.2616  0
15.2637  0
15.2658  0
15.2679  0
15.2699  0
15.272  0
15.2741  0
15.2762  0
15.2783  0
15.2804  0
15.2825  0
15.2846  0
15.2867  0
15.2888  0
15.2909  0
15.293  0
15.2951  0
15.2972  0
15.2993  0
15.3014  0
15.3035  0
15.3056  0
15.3077  0
15.3098  0
15.3119  0
15.314  0
15.3161  0
15.3182  0
15.3203  0
15.3224  0
15.3245  0
15.3266  0
15.3287  0
15.3308  0
15.3329  0
15.335  0
15.3371  0
15.3392  0
15.3413  0
15.3434  0
15.3454  0
15.3475  0
15.3496  0
15.3517  0
15.3538  0
15.3559  0
15.358  0
15.3601  0
15.3622  0
15.3643  0
15.3664  0
15.3685  0
15.3706  0
15.3727  0
15.3748  0
15.3769  0
15.379  0
15.3811  0
15.3832  0
15.3853  0
15.3874  0
15.3895  0
15.3916  0
15.3937  0
15.3958  0
15.3979  0
15.4  0
15.4021  0
15.4042  0
15.4063  0
15.4084  0
15.4105  0
15.4126  0
15.4147  0
15.4168  0
15.4189  0
15.4209  0
15.423  0
15.4251  0
15.4272  0
15.4293  0
15.4314  0
15.4335  0
15.4356  0
15.4377  0
15.4398  0
15.4419  0
15.444  0
15.4461  0
15.4482  0
15.4503  0
15.4524  0
15.4545  0
15.4566  0
15.4587  0
15.4608  0
15.4629  0
15.465  0
15.4671  0
15.4692  0
15.4713  0
15.4734  0
15.4755  0
15.4776  0
15.4797  0
15.4818  0
15.4839  0
15.486  0
15.4881  0
15.4902  0
15.4923  0
15.4944  0
15.4964  0
15.4985  0
15.5006  0
15.5027  0
15.5048  0
15.5069  0
15.509  0
15.5111  0
15.5132  0
15.5153  0
15.5174  0
15.5195  0
15.5216  0
15.5237  0
15.5258  0
15.5279  0
15.53  0
15.5321  0
15.5342  0
15.5363  0
15.5384  0
15.5405  0
15.5426  0
15.5447  0
15.5468  0
15.5489  0
15.551  0
15.5531  0
15.5552  0
15.5573  0
15.5594  0
15.5615  0
15.5636  0
15.5657  0
15.5678  0
15.5699  0
15.572  0
15.574  0
15.5761  0
15.5782  0
15.5803  0
15.5824  0
15.5845  0
15.5866  0
15.5887  0
15.5908  0
15.5929  0
15.595  0
15.5971  0
15.5992  0
15.6013  0
15.6034  0
15.6055  0
15.6076  0
15.6097  0
15.6118  0
15.6139  0
15.616  0
15.6181  0
15.6202  0
15.6223  0
15.6244  0
15.6265  0
15.6286  0
15.6307  0
15.6328  0
15.6349  0
15.637  0
15.6391  0
15.6412  0
15.6433  0
15.6454  0
15.6475  0
15.6495  0
15.6516  0
15.6537  0
15.6558  0
15.6579  0
15.66  0
15.6621  0
15.6642  0
15.6663  0
15.6684  0
15.6705  0
15.6726  0
15.6747  0
15.6768  0
15.6789  0
15.681  0
15.6831  0
15.6852  0
15.6873  0
15.6894  0
15.6915  0
15.6936  0
15.6957  0
15.6978  0
15.6999  0
15.702  0
15.7041  0
15.7062  0
15.7083  0
15.7104  0
15.7125  0
15.7146  0
15.7167  0
15.7188  0
15.7209  0
15.723  0
15.725  0
15.7271  0
15.7292  0
15.7313  0
15.7334  0
15.7355  0
15.7376  0
15.7397  0
15.7418  0
15.7439  0
15.746  0
15.7481  0
15.7502  0
15.7523  0
15.7544  0
15.7565  0
15.7586  0
15.7607  0
15.7628  0
15.7649  0
15.767  0
15.7691  0
15.7712  0
15.7733  0
15.7754  0
15.7775  0
15.7796  0
15.7817  0
15.7838  0
15.7859  0
15.788  0
15.7901  0
15.7922  0
15.7943  0
15.7964  0
15.7985  0
15.8005  0
15.8026  0
15.8047  0
15.8068  0
15.8089  0
15.811  0
15.8131  0
15.8152  0
15.8173  0
15.8194  0
15.8215  0
15.8236  0
15.8257  0
15.8278  0
15.8299  0
15.832  0
15.8341  0
15.8362  0
15.8383  0
15.8404  0
15.8425  0
15.8446  0
15.8467  0
15.8488  0
15.8509  0
15.853  0
15.8551  0
15.8572  0
15.8593  0
15.8614  0
15.8635  0
15.8656  0
15.8677  0
15.8698  0
15.8719  0
15.874  0
15.876  0
15.8781  0
15.8802  0
15.8823  0
15.8844  0
15.8865  0
15.8886  0
15.8907  0
15.8928  0
15.8949  0
15.897  0
15.8991  0
15.9012  0
15.9033  0
15.9054  0
15.9075  0
15.9096  0
15.9117  0
15.9138  0
15.9159  0
15.918  0
15.9201  0
15.9222  0
15.9243  0
15.9264  0
15.9285  0
15.9306  0
15.9327  0
15.9348  0
15.9369  0
15.939  0
15.9411  0
15.9432  0
15.9453  0
15.9474  0
15.9495  0
15.9515  0
15.9536  0
15.9557  0
15.9578  0
15.9599  0
15.962  0
15.9641  0
15.9662  0
15.9683  0
15.9704  0
15.9725  0
15.9746  0
15.9767  0
15.9788  0
15.9809  0
15.983  0
15.9851  0
15.9872  0
15.9893  0
15.9914  0
15.9935  0
15.9956  0
15.9977  0
15.9998  0
16.0019  0
16.004  0
16.0061  0
16.0082  0
16.0103  0
16.0124  0
16.0145  0
16.0166  0
16.0187  0
16.0208  0
16.0229  0
16.025  0
16.027  0
16.0291  0
16.0312  0
16.0333  0
16.0354  0
16.0375  0
16.0396  0
16.0417  0
16.0438  0
16.0459  0
16.048  0
16.0501  0
16.0522  0
16.0543  0
16.0564  0
16.0585  0
16.0606  0
16.0627  0
16.0648  0
16.0669  0
16.069  0
16.0711  0
16.0732  0
16.0753  0
16.0774  0
16.0795  0
16.0816  0
16.0837  0
16.0858  0
16.0879  0
16.09  0
16.0921  0
16.0942  0
16.0963  0
16.0984  0
16.1005  0
16.1026  0
16.1046  0
16.1067  0
16.1088  0
16.1109  0
16.113  0
16.1151  0
16.1172  0
16.1193  0
16.1214  0
16.1235  0
16.1256  0
16.1277  0
16.1298  0
16.1319  0
16.134  0
16.1361  0
16.1382  0
16.1403  0
16.1424  0
16.1445  0
16.1466  0
16.1487  0
16.1508  0
16.1529  0
16.155  0
16.1571  0
16.1592  0
16.1613  0
16.1634  0
16.1655  0
16.1676  0
16.1697  0
16.1718  0
16.1739  0
16.176  0
16.1781  0
16.1801  0
16.1822  0
16.1843  0
16.1864  0
16.1885  0
16.1906  0
16.1927  0
16.1948  0
16.1969  0
16.199  0
16.2011  0
16.2032  0
16.2053  0
16.2074  0
16.2095  0
16.2116  0
16.2137  0
16.2158  0
16.2179  0
16.22  0
16.2221  0
16.2242  0
16.2263  0
16.2284  0
16.2305  0
16.2326  0
16.2347  0
16.2368  0
16.2389  0
16.241  0
16.2431  0
16.2452  0
16.2473  0
16.2494  0
16.2515  0
16.2536  0
16.2556  0
16.2577  0
16.2598  0
16.2619  0
16.264  0
16.2661  0
16.2682  0
16.2703  0
16.2724  0
16.2745  0
16.2766  0
16.2787  0
16.2808  0
16.2829  0
16.285  0
16.2871  0
16.2892  0
16.2913  0
16.2934  0
16.2955  0
16.2976  0
16.2997  0
16.3018  0
16.3039  0
16.306  0
16.3081  0
16.3102  0
16.3123  0
16.3144  0
16.3165  0
16.3186  0
16.3207  0
16.3228  0
16.3249  0
16.327  0
16.3291  0
16.3311  0
16.3332  0
16.3353  0
16.3374  0
16.3395  0
16.3416  0
16.3437  0
16.3458  0
16.3479  0
16.35  0
16.3521  0
16.3542  0
16.3563  0
16.3584  0
16.3605  0
16.3626  0
16.3647  0
16.3668  0
16.3689  0
16.371  0
16.3731  0
16.3752  0
16.3773  0
16.3794  0
16.3815  0
16.3836  0
16.3857  0
16.3878  0
16.3899  0
16.392  0
16.3941  0
16.3962  0
16.3983  0
16.4004  0
16.4025  0
16.4046  0
16.4066  0
16.4087  0
16.4108  0
16.4129  0
16.415  0
16.4171  0
16.4192  0
16.4213  0
16.4234  0
16.4255  0
16.4276  0
16.4297  0
16.4318  0
16.4339  0
16.436  0
16.4381  0
16.4402  0
16.4423  0
16.4444  0
16.4465  0
16.4486  0
16.4507  0
16.4528  0
16.4549  0
16.457  0
16.4591  0
16.4612  0
16.4633  0
16.4654  0
16.4675  0
16.4696  0
16.4717  0
16.4738  0
16.4759  0
16.478  0
16.4801  0
16.4821  0
16.4842  0
16.4863  0
16.4884  0
16.4905  0
16.4926  0
16.4947  0
16.4968  0
16.4989  0
16.501  0
16.5031  0
16.5052  0
16.5073  0
16.5094  0
16.5115  0
16.5136  0
16.5157  0
16.5178  0
16.5199  0
16.522  0
16.5241  0
16.5262  0
16.5283  0
16.5304  0
16.5325  0
16.5346  0
16.5367  0
16.5388  0
16.5409  0
16.543  0
16.5451  0
16.5472  0
16.5493  0
16.5514  0
16.5535  0
16.5556  0
16.5576  0
16.5597  0
16.5618  0
16.5639  0
16.566  0
16.5681  0
16.5702  0
16.5723  0
16.5744  0
16.5765  0
16.5786  0
16.5807  0
16.5828  0
16.5849  0
16.587  0
16.5891  0
16.5912  0
16.5933  0
16.5954  0
16.5975  0
16.5996  0
16.6017  0
16.6038  0
16.6059  0
16.608  0
16.6101  0
16.6122  0
16.6143  0
16.6164  0
16.6185  0
16.6206  0
16.6227  0
16.6248  0
16.6269  0
16.629  0
16.6311  0
16.6331  0
16.6352  0
16.6373  0
16.6394  0
16.6415  0
16.6436  0
16.6457  0
16.6478  0
16.6499  0
16.652  0
16.6541  0
16.6562  0
16.6583  0
16.6604  0
16.6625  0
16.6646  0
16.6667  0
16.6688  0
16.6709  0
16.673  0
16.6751  0
16.6772  0
16.6793  0
16.6814  0
16.6835  0
16.6856  0
16.6877  0
16.6898  0
16.6919  0
16.694  0
16.6961  0
16.6982  0
16.7003  0
16.7024  0
16.7045  0
16.7066  0
16.7087  0
16.7107  0
16.7128  0
16.7149  0
16.717  0
16.7191  0
16.7212  0
16.7233  0
16.7254  0
16.7275  0
16.7296  0
16.7317  0
16.7338  0
16.7359  0
16.738  0
16.7401  0
16.7422  0
16.7443  0
16.7464  0
16.7485  0
16.7506  0
16.7527  0
16.7548  0
16.7569  0
16.759  0
16.7611  0
16.7632  0
16.7653  0
16.7674  0
16.7695  0
16.7716  0
16.7737  0
16.7758  0
16.7779  0
16.78  0
16.7821  0
16.7842  0
16.7862  0
16.7883  0
16.7904  0
16.7925  0
16.7946  0
16.7967  0
16.7988  0
16.8009  0
16.803  0
16.8051  0
16.8072  0
16.8093  0
16.8114  0
16.8135  0
16.8156  0
16.8177  0
16.8198  0
16.8219  0
16.824  0
16.8261  0
16.8282  0
16.8303  0
16.8324  0
16.8345  0
16.8366  0
16.8387  0
16.8408  0
16.8429  0
16.845  0
16.8471  0
16.8492  0
16.8513  0
16.8534  0
16.8555  0
16.8576  0
16.8597  0
16.8617  0
16.8638  0
16.8659  0
16.868  0
16.8701  0
16.8722  0
16.8743  0
16.8764  0
16.8785  0
16.8806  0
16.8827  0
16.8848  0
16.8869  0
16.889  0
16.8911  0
16.8932  0
16.8953  0
16.8974  0
16.8995  0
16.9016  0
16.9037  0
16.9058  0
16.9079  0
16.91  0
16.9121  0
16.9142  0
16.9163  0
16.9184  0
16.9205  0
16.9226  0
16.9247  0
16.9268  0
16.9289  0
16.931  0
16.9331  0
16.9352  0
16.9372  0
16.9393  0
16.9414  0
16.9435  0
16.9456  0
16.9477  0
16.9498  0
16.9519  0
16.954  0
16.9561  0
16.9582  0
16.9603  0
16.9624  0
16.9645  0
16.9666  0
16.9687  0
16.9708  0
16.9729  0
16.975  0
16.9771  0
16.9792  0
16.9813  0
16.9834  0
16.9855  0
16.9876  0
16.9897  0
16.9918  0
16.9939  0
16.996  0
16.9981  0
17.0002  0
17.0023  0
17.0044  0
17.0065  0
17.0086  0
17.0107  0
17.0127  0
17.0148  0
17.0169  0
17.019  0
17.0211  0
17.0232  0
17.0253  0
17.0274  0
17.0295  0
17.0316  0
17.0337  0
17.0358  0
17.0379  0
17.04  0
17.0421  0
17.0442  0
17.0463  0
17.0484  0
17.0505  0
17.0526  0
17.0547  0
17.0568  0
17.0589  0
17.061  0
17.0631  0
17.0652  0
17.0673  0
17.0694  0
17.0715  0
17.0736  0
17.0757  0
17.0778  0
17.0799  0
17.082  0
17.0841  0
17.0862  0
17.0882  0
17.0903  0
17.0924  0
17.0945  0
17.0966  0
17.0987  0
17.1008  0
17.1029  0
17.105  0
17.1071  0
17.1092  0
17.1113  0
17.1134  0
17.1155  0
17.1176  0
17.1197  0
17.1218  0
17.1239  0
17.126  0
17.1281  0
17.1302  0
17.1323  0
17.1344  0
17.1365  0
17.1386  0
17.1407  0
17.1428  0
17.1449  0
17.147  0
17.1491  0
17.1512  0
17.1533  0
17.1554  0
17.1575  0
17.1596  0
17.1617  0
17.1637  0
17.1658  0
17.1679  0
17.17  0
17.1721  0
17.1742  0
17.1763  0
17.1784  0
17.1805  0
17.1826  0
17.1847  0
17.1868  0
17.1889  0
17.191  0
17.1931  0
17.1952  0
17.1973  0
17.1994  0
17.2015  0
17.2036  0
17.2057  0
17.2078  0
17.2099  0
17.212  0
17.2141  0
17.2162  0
17.2183  0
17.2204  0
17.2225  0
17.2246  0
17.2267  0
17.2288  0
17.2309  0
17.233  0
17.2351  0
17.2372  0
17.2392  0
17.2413  0
17.2434  0
17.2455  0
17.2476  0
17.2497  0
17.2518  0
17.2539  0
17.256  0
17.2581  0
17.2602  0
17.2623  0
17.2644  0
17.2665  0
17.2686  0
17.2707  0
17.2728  0
17.2749  0
17.277  0
17.2791  0
17.2812  0
17.2833  0
17.2854  0
17.2875  0
17.2896  0
17.2917  0
17.2938  0
17.2959  0
17.298  0
17.3001  0
17.3022  0
17.3043  0
17.3064  0
17.3085  0
17.3106  0
17.3127  0
17.3148  0
17.3168  0
17.3189  0
17.321  0
17.3231  0
17.3252  0
17.3273  0
17.3294  0
17.3315  0
17.3336  0
17.3357  0
17.3378  0
17.3399  0
17.342  0
17.3441  0
17.3462  0
17.3483  0
17.3504  0
17.3525  0
17.3546  0
17.3567  0
17.3588  0
17.3609  0
17.363  0
17.3651  0
17.3672  0
17.3693  0
17.3714  0
17.3735  0
17.3756  0
17.3777  0
17.3798  0
17.3819  0
17.384  0
17.3861  0
17.3882  0
17.3903  0
17.3923  0
17.3944  0
17.3965  0
17.3986  0
17.4007  0
17.4028  0
17.4049  0
17.407  0
17.4091  0
17.4112  0
17.4133  0
17.4154  0
17.4175  0
17.4196  0
17.4217  0
17.4238  0
17.4259  0
17.428  0
17.4301  0
17.4322  0
17.4343  0
17.4364  0
17.4385  0
17.4406  0
17.4427  0
17.4448  0
17.4469  0
17.449  0
17.4511  0
17.4532  0
17.4553  0
17.4574  0
17.4595  0
17.4616  0
17.4637  0
17.4658  0
17.4678  0
17.4699  0
17.472  0
17.4741  0
17.4762  0
17.4783  0
17.4804  0
17.4825  0
17.4846  0
17.4867  0
17.4888  0
17.4909  0
17.493  0
17.4951  0
17.4972  0
17.4993  0
17.5014  0
17.5035  0
17.5056  0
17.5077  0
17.5098  0
17.5119  0
17.514  0
17.5161  0
17.5182  0
17.5203  0
17.5224  0
17.5245  0
17.5266  0
17.5287  0
17.5308  0
17.5329  0
17.535  0
17.5371  0
17.5392  0
17.5413  0
17.5433  0
17.5454  0
17.5475  0
17.5496  0
17.5517  0
17.5538  0
17.5559  0
17.558  0
17.5601  0
17.5622  0
17.5643  0
17.5664  0
17.5685  0
17.5706  0
17.5727  0
17.5748  0
17.5769  0
17.579  0
17.5811  0
17.5832  0
17.5853  0
17.5874  0
17.5895  0
17.5916  0
17.5937  0
17.5958  0
17.5979  0
17.6  0
17.6021  0
17.6042  0
17.6063  0
17.6084  0
17.6105  0
17.6126  0
17.6147  0
17.6168  0
17.6188  0
17.6209  0
17.623  0
17.6251  0
17.6272  0
17.6293  0
17.6314  0
17.6335  0
17.6356  0
17.6377  0
17.6398  0
17.6419  0
17.644  0
17.6461  0
17.6482  0
17.6503  0
17.6524  0
17.6545  0
17.6566  0
17.6587  0
17.6608  0
17.6629  0
17.665  0
17.6671  0
17.6692  0
17.6713  0
17.6734  0
17.6755  0
17.6776  0
17.6797  0
17.6818  0
17.6839  0
17.686  0
17.6881  0
17.6902  0
17.6923  0
17.6943  0
17.6964  0
17.6985  0
17.7006  0
17.7027  0
17.7048  0
17.7069  0
17.709  0
17.7111  0
17.7132  0
17.7153  0
17.7174  0
17.7195  0
17.7216  0
17.7237  0
17.7258  0
17.7279  0
17.73  0
17.7321  0
17.7342  0
17.7363  0
17.7384  0
17.7405  0
17.7426  0
17.7447  0
17.7468  0
17.7489  0
17.751  0
17.7531  0
17.7552  0
17.7573  0
17.7594  0
17.7615  0
17.7636  0
17.7657  0
17.7678  0
17.7698  0
17.7719  0
17.774  0
17.7761  0
17.7782  0
17.7803  0
17.7824  0
17.7845  0
17.7866  0
17.7887  0
17.7908  0
17.7929  0
17.795  0
17.7971  0
17.7992  0
17.8013  0
17.8034  0
17.8055  0
17.8076  0
17.8097  0
17.8118  0
17.8139  0
17.816  0
17.8181  0
17.8202  0
17.8223  0
17.8244  0
17.8265  0
17.8286  0
17.8307  0
17.8328  0
17.8349  0
17.837  0
17.8391  0
17.8412  0
17.8433  0
17.8454  0
17.8474  0
17.8495  0
17.8516  0
17.8537  0
17.8558  0
17.8579  0
17.86  0
17.8621  0
17.8642  0
17.8663  0
17.8684  0
17.8705  0
17.8726  0
17.8747  0
17.8768  0
17.8789  0
17.881  0
17.8831  0
17.8852  0
17.8873  0
17.8894  0
17.8915  0
17.8936  0
17.8957  0
17.8978  0
17.8999  0
17.902  0
17.9041  0
17.9062  0
17.9083  0
17.9104  0
17.9125  0
17.9146  0
17.9167  0
17.9188  0
17.9209  0
17.9229  0
17.925  0
17.9271  0
17.9292  0
17.9313  0
17.9334  0
17.9355  0
17.9376  0
17.9397  0
17.9418  0
17.9439  0
17.946  0
17.9481  0
17.9502  0
17.9523  0
17.9544  0
17.9565  0
17.9586  0
17.9607  0
17.9628  0
17.9649  0
17.967  0
17.9691  0
17.9712  0
17.9733  0
17.9754  0
17.9775  0
17.9796  0
17.9817  0
17.9838  0
17.9859  0
17.988  0
17.9901  0
17.9922  0
17.9943  0
17.9964  0
17.9984  0
18.0005  0
18.0026  0
18.0047  0
18.0068  0
18.0089  0
18.011  0
18.0131  0
18.0152  0
18.0173  0
18.0194  0
18.0215  0
18.0236  0
18.0257  0
18.0278  0
18.0299  0
18.032  0
18.0341  0
18.0362  0
18.0383  0
18.0404  0
18.0425  0
18.0446  0
18.0467  0
18.0488  0
18.0509  0
18.053  0
18.0551  0
18.0572  0
18.0593  0
18.0614  0
18.0635  0
18.0656  0
18.0677  0
18.0698  0
18.0719  0
18.0739  0
18.076  0
18.0781  0
18.0802  0
18.0823  0
18.0844  0
18.0865  0
18.0886  0
18.0907  0
18.0928  0
18.0949  0
18.097  0
18.0991  0
18.1012  0
18.1033  0
18.1054  0
18.1075  0
18.1096  0
18.1117  0
18.1138  0
18.1159  0
18.118  0
18.1201  0
18.1222  0
18.1243  0
18.1264  0
18.1285  0
18.1306  0
18.1327  0
18.1348  0
18.1369  0
18.139  0
18.1411  0
18.1432  0
18.1453  0
18.1474  0
18.1494  0
18.1515  0
18.1536  0
18.1557  0
18.1578  0
18.1599  0
18.162  0
18.1641  0
18.1662  0
18.1683  0
18.1704  0
18.1725  0
18.1746  0
18.1767  0
18.1788  0
18.1809  0
18.183  0
18.1851  0
18.1872  0
18.1893  0
18.1914  0
18.1935  0
18.1956  0
18.1977  0
18.1998  0
18.2019  0
18.204  0
18.2061  0
18.2082  0
18.2103  0
18.2124  0
18.2145  0
18.2166  0
18.2187  0
18.2208  0
18.2229  0
18.2249  0
18.227  0
18.2291  0
18.2312  0
18.2333  0
18.2354  0
18.2375  0
18.2396  0
18.2417  0
18.2438  0
18.2459  0
18.248  0
18.2501  0
18.2522  0
18.2543  0
18.2564  0
18.2585  0
18.2606  0
18.2627  0
18.2648  0
18.2669  0
18.269  0
18.2711  0
18.2732  0
18.2753  0
18.2774  0
18.2795  0
18.2816  0
18.2837  0
18.2858  0
18.2879  0
18.29  0
18.2921  0
18.2942  0
18.2963  0
18.2984  0
18.3004  0
18.3025  0
18.3046  0
18.3067  0
18.3088  0
18.3109  0
18.313  0
18.3151  0
18.3172  0
18.3193  0
18.3214  0
18.3235  0
18.3256  0
18.3277  0
18.3298  0
18.3319  0
18.334  0
18.3361  0
18.3382  0
18.3403  0
18.3424  0
18.3445  0
18.3466  0
18.3487  0
18.3508  0
18.3529  0
18.355  0
18.3571  0
18.3592  0
18.3613  0
18.3634  0
18.3655  0
18.3676  0
18.3697  0
18.3718  0
18.3739  0
18.3759  0
18.378  0
18.3801  0
18.3822  0
18.3843  0
18.3864  0
18.3885  0
18.3906  0
18.3927  0
18.3948  0
18.3969  0
18.399  0
18.4011  0
18.4032  0
18.4053  0
18.4074  0
18.4095  0
18.4116  0
18.4137  0
18.4158  0
18.4179  0
18.42  0
18.4221  0
18.4242  0
18.4263  0
18.4284  0
18.4305  0
18.4326  0
18.4347  0
18.4368  0
18.4389  0
18.441  0
18.4431  0
18.4452  0
18.4473  0
18.4494  0
18.4515  0
18.4535  0
18.4556  0
18.4577  0
18.4598  0
18.4619  0
18.464  0
18.4661  0
18.4682  0
18.4703  0
18.4724  0
18.4745  0
18.4766  0
18.4787  0
18.4808  0
18.4829  0
18.485  0
18.4871  0
18.4892  0
18.4913  0
18.4934  0
18.4955  0
18.4976  0
18.4997  0
18.5018  0
18.5039  0
18.506  0
18.5081  0
18.5102  0
18.5123  0
18.5144  0
18.5165  0
18.5186  0
18.5207  0
18.5228  0
18.5249  0
18.527  0
18.529  0
18.5311  0
18.5332  0
18.5353  0
18.5374  0
18.5395  0
18.5416  0
18.5437  0
18.5458  0
18.5479  0
18.55  0
18.5521  0
18.5542  0
18.5563  0
18.5584  0
18.5605  0
18.5626  0
18.5647  0
18.5668  0
18.5689  0
18.571  0
18.5731  0
18.5752  0
18.5773  0
18.5794  0
18.5815  0
18.5836  0
18.5857  0
18.5878  0
18.5899  0
18.592  0
18.5941  0
18.5962  0
18.5983  0
18.6004  0
18.6025  0
18.6045  0
18.6066  0
18.6087  0
18.6108  0
18.6129  0
18.615  0
18.6171  0
18.6192  0
18.6213  0
18.6234  0
18.6255  0
18.6276  0
18.6297  0
18.6318  0
18.6339  0
18.636  0
18.6381  0
18.6402  0
18.6423  0
18.6444  0
18.6465  0
18.6486  0
18.6507  0
18.6528  0
18.6549  0
18.657  0
18.6591  0
18.6612  0
18.6633  0
18.6654  0
18.6675  0
18.6696  0
18.6717  0
18.6738  0
18.6759  0
18.678  0
18.68  0
18.6821  0
18.6842  0
18.6863  0
18.6884  0
18.6905  0
18.6926  0
18.6947  0
18.6968  0
18.6989  0
18.701  0
18.7031  0
18.7052  0
18.7073  0
18.7094  0
18.7115  0
18.7136  0
18.7157  0
18.7178  0
18.7199  0
18.722  0
18.7241  0
18.7262  0
18.7283  0
18.7304  0
18.7325  0
18.7346  0
18.7367  0
18.7388  0
18.7409  0
18.743  0
18.7451  0
18.7472  0
18.7493  0
18.7514  0
18.7535  0
18.7555  0
18.7576  0
18.7597  0
18.7618  0
18.7639  0
18.766  0
18.7681  0
18.7702  0
18.7723  0
18.7744  0
18.7765  0
18.7786  0
18.7807  0
18.7828  0
18.7849  0
18.787  0
18.7891  0
18.7912  0
18.7933  0
18.7954  0
18.7975  0
18.7996  0
18.8017  0
18.8038  0
18.8059  0
